,species,inlever,mand,quad,skull,MA,RQL,diet,color,ma_var,rql_var,,
217,Gyalopion_quadrangulare,1.121268381,2.267825734,0.955385095,2.170985893,-1.146557353,-1.215600798,bugs,goldenrod2,0.004116077,0.01027092,,
216,Gyalopion_canum,1.059832219,2.179575923,0.947326061,2.067283372,-1.119743704,-1.119957311,bugs,goldenrod2,0.001372026,0.00342364,,
197,Ficimia_streckeri,1.029339881,2.223771371,1.045863269,2.007245027,-1.194431489,-0.961381757,bugs,goldenrod2,0.001372026,0.00342364,,
520,Sympholis_lippiens,1.540766072,2.538194195,1.2115041,2.413745258,-0.997428123,-1.202241157,bugs,goldenrod2,0.004116077,0.01027092,,
464,Pseudoficimia_frontalis,1.353250549,2.575668313,1.258232116,2.459925634,-1.222417763,-1.201693518,bugs,goldenrod2,0.004116077,0.01027092,,
105,Conopsis_biserialis,1.01471031,2.184840585,0.828737193,2.149889698,-1.170130275,-1.321152505,bugs,goldenrod2,0.002058038,0.00513546,,
106,Conopsis_nasus,1.00286559,2.207664019,0.865184137,2.172130181,-1.204798429,-1.306946045,bugs,goldenrod2,0.002058038,0.00513546,,
510,Sonora_semiannulata,0.852264236,2.060929951,0.569077368,2.036532249,-1.208665715,-1.467454882,bugs,goldenrod2,0.001029019,0.00256773,,
508,Sonora_aemula,1.165915709,2.398693376,0.954061236,2.286222845,-1.232777667,-1.332161609,bugs,goldenrod2,0.004116077,0.01027092,,
509,Sonora_occipitalis,0.67142942,1.921653473,0.694188425,1.941746673,-1.250224054,-1.247558248,bugs,goldenrod2,0.002058038,0.00513546,,
511,Sonora_straminea,0.842737689,1.987433942,0.983751105,1.990295354,-1.144696253,-1.006544249,bugs,goldenrod2,0.002058038,0.00513546,,
514,Stenorrhina_freminvillei,1.027860857,2.491269156,1.15773929,2.374282176,-1.463408299,-1.216542886,bugs,goldenrod2,0.004116077,0.01027092,,
528,Tantilla_gracilis,0.507544229,1.551312999,-0.128823349,1.550289913,-1.04376877,-1.679113262,bugs,goldenrod2,0.004116077,0.01027092,,
529,Tantilla_hobartsmithi,0.479879445,1.628163792,-0.022026855,1.598164891,-1.148284347,-1.620191746,bugs,goldenrod2,0.004116077,0.01027092,,
531,Tantilla_nigriceps,0.616051918,1.846941395,0.082440121,1.798831419,-1.230889477,-1.716391298,bugs,goldenrod2,0.002058038,0.00513546,,
532,Tantilla_relicta,0.41509393,1.671019427,-0.029919049,1.658809358,-1.255925497,-1.688728407,bugs,goldenrod2,0.004116077,0.01027092,,
527,Tantilla_coronata,0.374629106,1.654799151,-0.030018286,1.666748187,-1.280170045,-1.696766473,bugs,goldenrod2,0.000823215,0.002054184,,
533,Tantilla_vermiformis,0.398763115,1.536625946,-0.217016001,1.542975875,-1.137862831,-1.759991876,bugs,goldenrod2,0.004116077,0.01027092,,
530,Tantilla_melanocephala,1.570115197,2.742512309,1.229395034,2.564424056,-1.172397112,-1.335029022,bugs,goldenrod2,0.002058038,0.00513546,,
495,Scolecophis_atrocinctus,0.7918334,1.825010234,0.08181118,1.801672552,-1.033176834,-1.719861372,bugs,goldenrod2,0.004116077,0.01027092,,
347,Masticophis_taeniatus,2.372967155,3.549160503,2.236645521,3.311742812,-1.176193349,-1.075097291,lizards,forestgreen,0.002058038,0.00513546,,
346,Masticophis_mentovarius,2.698432382,3.69503252,2.653805187,3.399382752,-0.996600138,-0.745577566,other verts,gray50,0.004116077,0.01027092,,
345,Masticophis_lateralis,2.200743654,3.330491481,2.172340729,3.033912105,-1.129747827,-0.861571375,lizards,forestgreen,0.004116077,0.01027092,,
344,Masticophis_flagellum,2.325630529,3.411840907,2.337539025,3.163969696,-1.086210378,-0.826430671,other verts,gray50,0.004116077,0.01027092,,
98,Coluber_constrictor,1.893703408,2.983008154,1.651368932,2.795311478,-1.089304746,-1.143942547,other verts,gray50,0.001029019,0.00256773,,
490,Salvadora_grahamiae,1.652146358,2.763949569,1.444579586,2.625629266,-1.111803212,-1.181049681,lizards,forestgreen,0.004116077,0.01027092,,
491,Salvadora_hexalepis,1.664733681,2.803731824,1.439672613,2.638997384,-1.138998143,-1.199324771,lizards,forestgreen,0.002058038,0.00513546,,
492,Salvadora_mexicana,1.958665589,3.134527103,1.800413757,2.95221395,-1.175861514,-1.151800192,lizards,forestgreen,0.004116077,0.01027092,,
577,Trimorphodon_tau,1.893192765,2.867645377,1.725200312,2.59965921,-0.974452612,-0.874458899,lizards,forestgreen,0.004116077,0.01027092,,
576,Trimorphodon_biscutatus,2.207263044,3.368535897,2.171345079,3.067593987,-1.161272853,-0.896248908,other verts,gray50,0.004116077,0.01027092,,
164,Drymoluber_dichrous,1.893126702,3.022806711,1.681057271,2.811633825,-1.129680009,-1.130576554,lizards,forestgreen,0.001029019,0.00256773,,
502,Simophis_rhinostoma,1.676245801,2.877380191,1.542200666,2.714890179,-1.20113439,-1.172689513,other verts,gray50,0.004116077,0.01027092,,
348,Mastigodryas_melanolomus,2.05948885,3.24774942,1.872774098,2.98190777,-1.18826057,-1.109133672,lizards,forestgreen,0.004116077,0.01027092,,
487,Rhinobothryum_bovallii,1.624400389,2.835892537,1.463255609,2.681941794,-1.211492148,-1.218686185,lizards,forestgreen,0.002058038,0.00513546,,
159,Drymarchon_corais,2.461642909,3.444093973,2.322471438,3.127848355,-0.982451064,-0.805376916,other verts,gray50,0.001372026,0.00342364,,
160,Drymarchon_melanurus,2.846848161,3.791452629,2.718502112,3.453102896,-0.944604468,-0.734600784,other verts,gray50,0.002058038,0.00513546,,
435,Phrynonax_shropshirei,2.360633797,3.558633465,2.47379324,3.207578525,-1.197999668,-0.733785285,other verts,gray50,0.004116077,0.01027092,,
434,Phrynonax_poecilonotus,2.314682135,3.591657311,2.506679958,3.287091249,-1.276975176,-0.780411291,other verts,gray50,0.004116077,0.01027092,,
513,Spilotes_pullatus,2.217334711,3.372005344,2.161925405,3.161438702,-1.154670633,-0.999513297,other verts,gray50,0.001372026,0.00342364,,
89,Chironius_carinatus,2.048886685,3.288769041,1.993180615,3.070534223,-1.239882356,-1.077353608,other verts,gray50,0.002058038,0.00513546,,
90,Chironius_grandisquamis,2.415218172,3.558130703,2.269477341,3.283651326,-1.142912531,-1.014173985,other verts,gray50,0.004116077,0.01027092,,
310,Leptophis_ahaetulla,1.351643654,2.712856325,1.291626962,2.545154664,-1.361212671,-1.253527702,other verts,gray50,0.002058038,0.00513546,,
312,Leptophis_diplotropis,1.913470478,3.215680462,2.011003768,2.948693159,-1.302209983,-0.937689391,other verts,gray50,0.004116077,0.01027092,,
313,Leptophis_mexicanus,1.731906098,2.953317838,1.554303958,2.71858126,-1.221411741,-1.164277302,other verts,gray50,0.002058038,0.00513546,,
311,Leptophis_depressirostris,1.916809341,3.13690859,1.935842819,2.828784344,-1.22009925,-0.892941525,other verts,gray50,0.004116077,0.01027092,,
409,Oxybelis_fulgidus,2.040802617,3.29571425,2.074151641,3.097941452,-1.254911633,-1.023789811,other verts,gray50,0.004116077,0.01027092,,
407,Oxybelis_aeneus,1.961981717,3.18391035,1.662943807,3.03206996,-1.221928633,-1.369126153,lizards,forestgreen,0.002058038,0.00513546,,
408,Oxybelis_brevirostris,1.728265773,2.85738711,1.388551112,2.723195259,-1.129121338,-1.334644147,other verts,gray50,0.004116077,0.01027092,,
161,Drymobius_chloroticus,2.184157658,3.473923501,2.131834208,3.255675073,-1.289765843,-1.123840866,other verts,gray50,0.004116077,0.01027092,,
163,Drymobius_rhombifer,1.58298138,2.928489791,1.537649879,2.755388454,-1.345508411,-1.217738575,other verts,gray50,0.002058038,0.00513546,,
139,Dendrophidion_dendrophis,1.779001255,3.126767653,1.820516164,2.91995875,-1.347766398,-1.099442586,other verts,gray50,0.004116077,0.01027092,,
162,Drymobius_margaritiferus,1.764760333,3.080185246,1.746715762,2.86908068,-1.315424913,-1.122364918,other verts,gray50,0.002058038,0.00513546,,
140,Dendrophidion_nuchale,1.579523387,3.052133133,1.587993272,2.8812806,-1.472609746,-1.293287329,other verts,gray50,0.004116077,0.01027092,,
402,Opheodrys_vernalis,1.076161004,2.371363968,0.842647569,2.20311635,-1.295202964,-1.36046878,bugs,goldenrod2,0.004116077,0.01027092,,
401,Opheodrys_aestivus,1.26330043,2.648266466,1.073090378,2.513000164,-1.384966036,-1.439909786,bugs,goldenrod2,0.002058038,0.00513546,,
519,Symphimus_leucostomus,1.450560733,2.718879914,1.30160404,2.536992927,-1.26831918,-1.235388887,bugs,goldenrod2,0.002058038,0.00513546,,
473,Ptyas_major,2.038668066,3.027305392,1.749235172,2.849659399,-0.988637327,-1.100424227,worms,lightpink2,0.004116077,0.01027092,,
474,Ptyas_mucosa,2.397612017,3.54715086,2.265655397,3.298253957,-1.149538843,-1.03259856,other verts,gray50,0.002058038,0.00513546,,
317,Liopeltis_tricolor,1.026714938,2.294511112,0.678729423,2.164892794,-1.267796174,-1.486163371,bugs,goldenrod2,0.004116077,0.01027092,,
287,Lampropeltis_annulata,1.734858317,2.836082149,1.641686896,2.71984099,-1.101223832,-1.078154094,other verts,gray50,0.004116077,0.01027092,,
294,Lampropeltis_triangulum,1.916192874,3.030436326,1.761548302,2.816098997,-1.114243451,-1.054550696,other verts,gray50,0.004116077,0.01027092,,
292,Lampropeltis_pyromelana,1.709678068,2.871273724,1.533194372,2.693670385,-1.161595655,-1.160476013,lizards,forestgreen,0.002058038,0.00513546,,
291,Lampropeltis_knoblochi,1.622055066,2.730462271,1.37201808,2.562464247,-1.108407205,-1.190446167,lizards,forestgreen,0.004116077,0.01027092,,
295,Lampropeltis_zonata,1.190931611,2.305716374,0.772938566,2.191308445,-1.114784763,-1.418369879,lizards,forestgreen,0.004116077,0.01027092,,
289,Lampropeltis_elapsoides,1.594902878,2.678115277,1.255140917,2.531023957,-1.083212399,-1.27588304,lizards,forestgreen,0.002058038,0.00513546,,
288,Lampropeltis_californiae,2.111930012,3.16687869,1.971246154,2.968705442,-1.054948678,-0.997459288,other verts,gray50,0.002058038,0.00513546,,
293,Lampropeltis_splendida,1.850552328,3.000112568,1.691733925,2.833764432,-1.14956024,-1.142030507,other verts,gray50,0.004116077,0.01027092,,
290,Lampropeltis_getula,2.440506566,3.493199244,2.357500273,3.243476495,-1.052692678,-0.885976222,snakes,mediumpurple2,0.004116077,0.01027092,,
83,Cemophora_coccinea,1.139087257,2.385277111,1.144293333,2.336204893,-1.246189854,-1.19191156,other verts,gray50,0.002058038,0.00513546,,
488,Rhinocheilus_lecontei,1.283807241,2.52058463,1.188042504,2.434850647,-1.236777389,-1.246808143,other verts,gray50,0.002058038,0.00513546,,
34,Arizona_elegans,1.716006684,2.97123601,1.707513125,2.756962818,-1.255229327,-1.049449693,other verts,gray50,0.001372026,0.00342364,,
417,Pantherophis_emoryi,1.696079087,2.938008805,1.495952848,2.750178303,-1.241929718,-1.254225455,other verts,gray50,0.004116077,0.01027092,,
419,Pantherophis_vulpinus,2.140378338,3.208101791,1.883288626,2.956155638,-1.067723453,-1.072867012,other verts,gray50,0.004116077,0.01027092,,
418,Pantherophis_obsoletus,2.257781676,3.410044274,2.18490677,3.187016271,-1.152262597,-1.002109502,other verts,gray50,0.004116077,0.01027092,,
437,Pituophis_melanoleucus,2.039611303,3.18852755,1.896146111,2.981267121,-1.148916246,-1.085121011,other verts,gray50,0.002058038,0.00513546,,
438,Pituophis_vertebralis,1.967008222,3.111351402,1.801554902,2.890172628,-1.144343179,-1.088617726,other verts,gray50,0.004116077,0.01027092,,
60,Bogertophis_subocularis,2.288928287,3.472583828,2.24720764,3.224737085,-1.183655541,-0.977529445,other verts,gray50,0.002058038,0.00513546,,
458,Pseudelaphe_flavirufa,2.235572938,3.484609888,2.210642635,3.28355438,-1.24903695,-1.072911746,other verts,gray50,0.004116077,0.01027092,,
497,Senticolis_triaspis,2.033910884,3.139035064,1.624347605,2.945008211,-1.10512418,-1.320660606,other verts,gray50,0.001372026,0.00342364,,
604,Zamenis_situla,1.696988142,2.87676582,1.292945511,2.666391165,-1.179777678,-1.373445654,other verts,gray50,0.002058038,0.00513546,,
109,Coronella_girondica,1.279411394,2.430999299,1.025966624,2.313937349,-1.151587905,-1.287970725,lizards,forestgreen,0.004116077,0.01027092,,
108,Coronella_austriaca,1.702270696,2.769350999,1.432132454,2.594137924,-1.067080303,-1.16200547,lizards,forestgreen,0.001372026,0.00342364,,
400,Oocatochus_rufodorsatus,1.685565528,2.76509389,1.459773216,2.519248312,-1.079528362,-1.059475096,other verts,gray50,0.001372026,0.00342364,,
171,Elaphe_quadrivirgata,2.078848146,3.14666751,1.883187428,2.946593718,-1.067819364,-1.06340629,other verts,gray50,0.004116077,0.01027092,,
170,Elaphe_carinata,2.518552497,3.539381436,2.3486496,3.303802106,-1.020828939,-0.955152506,lizards,forestgreen,0.002058038,0.00513546,,
172,Elaphe_taeniura,2.321762553,3.546168561,2.251954973,3.325893408,-1.224406008,-1.073938435,other verts,gray50,0.001372026,0.00342364,,
436,Phyllorhynchus_decurtatus,0.876130948,2.226673774,1.115536635,2.174764877,-1.350542826,-1.059228242,other verts,gray50,0.004116077,0.01027092,,
405,Oreocryptophis_porphyraceus,1.728830466,2.911639874,1.412538857,2.740914895,-1.182809408,-1.328376038,other verts,gray50,0.004116077,0.01027092,,
194,Euprepiophis_mandarinus,1.983941578,3.142708042,1.842355168,2.914786188,-1.158766464,-1.072431021,other verts,gray50,0.002058038,0.00513546,,
398,Oligodon_taeniatus,1.170447442,2.241216976,0.849571081,2.063105043,-1.070769533,-1.213533962,other verts,gray50,0.004116077,0.01027092,,
393,Oligodon_cyclurus,1.442014913,2.563885698,1.315301001,2.421822123,-1.121870785,-1.106521122,other verts,gray50,0.004116077,0.01027092,,
394,Oligodon_octolineatus,1.039854864,2.237937437,0.832702026,2.200706448,-1.198082573,-1.368004422,other verts,gray50,0.004116077,0.01027092,,
392,Oligodon_cruentatus,1.037273247,2.197563121,0.785872359,2.0532589,-1.160289874,-1.267386541,other verts,gray50,0.004116077,0.01027092,,
399,Oligodon_torquatus,0.933121009,2.142368642,0.803373515,2.037240959,-1.209247633,-1.233867445,other verts,gray50,0.002058038,0.00513546,,
395,Oligodon_planiceps,0.650394599,1.789472997,0.195030831,1.80165512,-1.139078397,-1.606624289,other verts,gray50,0.004116077,0.01027092,,
396,Oligodon_splendidus,1.615206644,2.764641542,1.661946032,2.468297245,-1.149434897,-0.806351213,other verts,gray50,0.004116077,0.01027092,,
397,Oligodon_sublineatus,0.720263366,1.939796512,0.508133433,1.840878916,-1.219533145,-1.332745483,other verts,gray50,0.002058038,0.00513546,,
391,Oligodon_calamarius,0.892463953,2.096145401,0.617772146,2.008569672,-1.203681448,-1.390797526,other verts,gray50,0.004116077,0.01027092,,
390,Oligodon_arnensis,1.468899839,2.586477102,1.378562496,2.459580397,-1.117577263,-1.081017901,other verts,gray50,0.004116077,0.01027092,,
96,Coelognathus_flavolineatus,2.175689678,3.335302164,1.847646768,3.126606809,-1.159612486,-1.27896004,other verts,gray50,0.004116077,0.01027092,,
97,Coelognathus_radiatus,2.180831051,3.404244199,1.962738502,3.182726058,-1.223413148,-1.219987556,other verts,gray50,0.004116077,0.01027092,,
144,Dipsadoboa_unicolor,1.532825995,2.656333309,1.342299041,2.393875996,-1.123507314,-1.051576955,other verts,gray50,0.002058038,0.00513546,,
124,Crotaphopeltis_hotamboeia,2.564171136,3.566405723,2.53794866,3.209985108,-1.002234587,-0.672036448,other verts,gray50,0.004116077,0.01027092,,
534,Telescopus_fallax,2.255821683,3.143772463,1.953914833,2.865911284,-0.88795078,-0.911996451,lizards,forestgreen,0.004116077,0.01027092,,
61,Boiga_irregularis,2.376970175,3.400217276,2.460724176,3.107395067,-1.0232471,-0.646670892,other verts,gray50,0.002058038,0.00513546,,
131,Dasypeltis_gansi,1.34662346,2.797340177,1.851293363,2.303795091,-1.450716717,-0.452501728,other verts,gray50,0.004116077,0.01027092,,
132,Dasypeltis_scabra,1.230052648,2.70634189,1.584064433,2.387648696,-1.476289242,-0.803584264,other verts,gray50,0.001029019,0.00256773,,
569,Toxicodryas_pulverulenta,1.721695177,3.043849471,1.867639284,2.775084426,-1.322154294,-0.907445142,other verts,gray50,0.004116077,0.01027092,,
568,Toxicodryas_blandingii,2.495658531,3.531160607,2.579289112,3.131413864,-1.035502076,-0.552124752,other verts,gray50,0.004116077,0.01027092,,
323,Lycodon_ruhstrati,1.745859027,2.70338307,1.161589441,2.577884106,-0.957524043,-1.416294665,lizards,forestgreen,0.004116077,0.01027092,,
324,Lycodon_subcinctus,1.523106558,2.434055786,0.913018893,2.340556041,-0.910949228,-1.427537148,lizards,forestgreen,0.004116077,0.01027092,,
321,Lycodon_aulicus,2.033228326,2.83223391,1.329551788,2.701915822,-0.799005583,-1.372364034,lizards,forestgreen,0.004116077,0.01027092,,
322,Lycodon_laoensis,1.673717202,2.439265694,0.977731194,2.293254731,-0.765548492,-1.315523537,lizards,forestgreen,0.004116077,0.01027092,,
169,Eirenis_modestus,1.355972415,2.60912089,1.150710204,2.425408215,-1.253148474,-1.274698011,bugs,goldenrod2,0.002058038,0.00513546,,
232,Hierophis_gemonensis,1.448877802,2.563103059,1.084957916,2.415810216,-1.114225257,-1.3308523,lizards,forestgreen,0.004116077,0.01027092,,
233,Hierophis_viridiflavus,1.979249548,3.075927524,1.732460602,2.852624193,-1.096677976,-1.120163591,lizards,forestgreen,0.004116077,0.01027092,,
155,Dolichophis_caspius,2.163805772,3.309510797,2.084759961,3.093555587,-1.145705025,-1.008795626,lizards,forestgreen,0.004116077,0.01027092,,
439,Platyceps_najadum,1.506805992,2.702109374,1.086755052,2.575188319,-1.195303382,-1.488433268,lizards,forestgreen,0.004116077,0.01027092,,
227,Hemorrhois_ravergieri,2.145048898,3.263279832,2.003616013,2.99716112,-1.118230934,-0.993545108,other verts,gray50,0.004116077,0.01027092,,
489,Rhynchocalamus_satunini,0.564009315,1.72080857,0.071142698,1.782105736,-1.156799255,-1.710963038,bugs,goldenrod2,0.004116077,0.01027092,,
336,Lytorhynchus_maynardi,0.99590876,2.239154164,0.832493444,2.182521543,-1.243245405,-1.350028099,lizards,forestgreen,0.004116077,0.01027092,,
335,Lytorhynchus_diadema,1.215269289,2.342713787,0.921593092,2.24306085,-1.127444498,-1.321467758,lizards,forestgreen,0.002058038,0.00513546,,
338,Macroprotodon_cucullatus,1.078587739,2.155952625,0.551437679,2.031099543,-1.077364886,-1.479661864,lizards,forestgreen,0.004116077,0.01027092,,
55,Bamanophis_dorri,2.00343491,2.9957219,1.64752989,2.798279752,-0.99228699,-1.150749862,lizards,forestgreen,0.004116077,0.01027092,,
494,Scaphiophis_albopunctatus,1.669592723,2.951312256,1.980143634,2.887949325,-1.281719533,-0.90780569,other verts,gray50,0.004116077,0.01027092,,
432,Philothamnus_semivariegatus,1.670290038,2.956556271,1.439052059,2.800387557,-1.286266233,-1.361335498,lizards,forestgreen,0.002058038,0.00513546,,
218,Hapsidophrys_lineata,1.849256634,3.299489854,2.102514817,3.071762195,-1.450233221,-0.969247378,lizards,forestgreen,0.004116077,0.01027092,,
561,Thelotornis_capensis,1.921913119,3.076649571,1.917290945,2.845771735,-1.154736453,-0.928480791,lizards,forestgreen,0.002058038,0.00513546,,
562,Thelotornis_kirtlandii,1.967362781,3.11977338,1.883703879,2.900849607,-1.152410598,-1.017145727,lizards,forestgreen,0.004116077,0.01027092,,
153,Dispholidus_typus,1.991942916,3.410084026,2.262754677,3.136146808,-1.41814111,-0.87339213,lizards,forestgreen,0.004116077,0.01027092,,
485,Rhamnophis_aethiopissa,0.946736595,2.506003188,1.10593832,2.411467188,-1.559266593,-1.305528868,other verts,gray50,0.004116077,0.01027092,,
565,Thrasops_jacksonii,2.144466289,3.470388647,2.33581846,3.248014466,-1.325922358,-0.912196006,other verts,gray50,0.004116077,0.01027092,,
564,Thrasops_flavigularis,2.12440528,3.358081918,2.24069108,3.134961291,-1.233676638,-0.894270211,other verts,gray50,0.004116077,0.01027092,,
213,Gonyosoma_oxycephalum,2.484513483,3.56772806,2.40331723,3.345928232,-1.083214577,-0.942611002,other verts,gray50,0.004116077,0.01027092,,
136,Dendrelaphis_tristis,1.741516441,2.829334308,1.472975947,2.670790914,-1.087817867,-1.197814967,lizards,forestgreen,0.002058038,0.00513546,,
135,Dendrelaphis_caudolineatus,1.96564794,2.986344482,1.557385566,2.757334481,-1.020696542,-1.199948915,lizards,forestgreen,0.004116077,0.01027092,,
93,Chrysopelea_paradisi,1.551002304,2.745018325,1.194162394,2.617234413,-1.19401602,-1.423072019,lizards,forestgreen,0.001372026,0.00342364,,
92,Chrysopelea_ornata,1.994409244,3.205925539,1.810525948,2.99233598,-1.211516295,-1.181810031,lizards,forestgreen,0.004116077,0.01027092,,
10,Ahaetulla_pulverulenta,1.781453354,3.093451675,1.628126347,2.98018658,-1.311998321,-1.352060233,lizards,forestgreen,0.004116077,0.01027092,,
8,Ahaetulla_nasuta,1.994005477,3.131203105,1.759484152,2.915262049,-1.137197628,-1.155777897,other verts,gray50,0.002058038,0.00513546,,
6,Ahaetulla_fronticincta,2.507251108,3.677061332,2.459454556,3.352394225,-1.169810225,-0.892939669,fish,turquoise2,0.004116077,0.01027092,,
9,Ahaetulla_prasina,1.959991181,3.057859233,1.535693421,2.853596903,-1.097868052,-1.317903483,lizards,forestgreen,0.004116077,0.01027092,,
7,Ahaetulla_mycterizans,1.770714127,2.900145907,1.466070973,2.736771914,-1.129431779,-1.270700941,other verts,gray50,0.004116077,0.01027092,,
76,Calamaria_pavimentata,0.82431103,1.798482843,-0.001585479,1.691604369,-0.974171812,-1.693189848,worms,lightpink2,0.004116077,0.01027092,,
467,Pseudorabdion_longiceps,0.95090048,1.969300407,0.216550293,1.843248386,-1.018399927,-1.626698093,worms,lightpink2,0.004116077,0.01027092,,
214,Grayia_smithii,1.444407602,2.845442724,1.74539883,2.594745782,-1.401035122,-0.849346952,other verts,gray50,0.004116077,0.01027092,,
215,Grayia_tholloni,1.784042879,3.120994079,2.147849916,2.709545132,-1.3369512,-0.561695217,other verts,gray50,0.004116077,0.01027092,,
501,Sibynophis_collaris,1.018757023,2.364630697,1.129886582,2.078559355,-1.345873674,-0.948672773,lizards,forestgreen,0.004116077,0.01027092,,
500,Sibynophis_chinensis,1.041293685,2.660854218,1.582989193,2.346027042,-1.619560533,-0.763037849,lizards,forestgreen,0.004116077,0.01027092,,
493,Scaphiodontophis_annulatus,1.258358661,2.71451598,1.55118244,2.45813561,-1.456157319,-0.90695317,lizards,forestgreen,0.001029019,0.00256773,,
546,Thamnophis_godmani,1.767709837,2.908777662,1.627827092,2.628386743,-1.141067826,-1.00055965,other verts,gray50,0.004116077,0.01027092,,
559,Thamnophis_sumichrasti,1.394437374,2.798762093,1.404720956,2.564170786,-1.404324718,-1.15944983,other verts,gray50,0.004116077,0.01027092,,
556,Thamnophis_scalaris,1.377991529,2.606125216,1.194529023,2.387858326,-1.228133687,-1.193329302,other verts,gray50,0.004116077,0.01027092,,
544,Thamnophis_exsul,1.294409214,2.535119395,1.006024411,2.371409366,-1.240710181,-1.365384955,other verts,gray50,0.004116077,0.01027092,,
557,Thamnophis_scaliger,1.049488067,2.224424571,0.688370223,2.066452234,-1.174936504,-1.378082011,worms,lightpink2,0.004116077,0.01027092,,
549,Thamnophis_melanogaster,1.555424202,2.901485853,1.624123781,2.597573399,-1.346061651,-0.973449619,other verts,gray50,0.002058038,0.00513546,,
545,Thamnophis_foxi,1.407427734,2.352363596,0.906036394,2.262242515,-0.944935862,-1.356206121,worms,lightpink2,0.004116077,0.01027092,,
554,Thamnophis_rufipunctatus,1.922856497,3.231230175,1.93801608,2.877115575,-1.308373678,-0.939099495,fish,turquoise2,0.002058038,0.00513546,,
550,Thamnophis_nigronuchalis,1.783169647,3.005659477,1.630445701,2.695401989,-1.22248983,-1.064956288,other verts,gray50,0.004116077,0.01027092,,
542,Thamnophis_elegans,1.889916624,3.068670336,1.854894829,2.739582021,-1.178753712,-0.884687192,other verts,gray50,0.002058038,0.00513546,,
536,Thamnophis_atratus,1.63198303,2.990563576,1.665890555,2.677125592,-1.358580546,-1.011235037,other verts,gray50,0.004116077,0.01027092,,
540,Thamnophis_couchii,1.568372241,2.954268474,1.610855432,2.708838269,-1.385896234,-1.097982837,other verts,gray50,0.004116077,0.01027092,,
551,Thamnophis_ordinoides,1.217355406,2.485889676,0.928976579,2.325064586,-1.26853427,-1.396088007,mollusks,saddlebrown,0.004116077,0.01027092,,
538,Thamnophis_butleri,1.310466929,2.577257902,1.269520429,2.418965167,-1.266790973,-1.149444738,worms,lightpink2,0.004116077,0.01027092,,
537,Thamnophis_brachystoma,1.238125874,2.399650359,0.989441171,2.289022855,-1.161524485,-1.299581684,worms,lightpink2,0.004116077,0.01027092,,
547,Thamnophis_hammondii,2.03742471,3.236526038,2.147938158,2.783976888,-1.199101328,-0.63603873,other verts,gray50,0.004116077,0.01027092,,
543,Thamnophis_eques,2.142475394,3.323395028,2.135558814,2.959159251,-1.180919634,-0.823600437,other verts,gray50,0.004116077,0.01027092,,
548,Thamnophis_marcianus,2.248445695,3.470615998,2.352671376,3.061928421,-1.222170303,-0.709257044,other verts,gray50,0.004116077,0.01027092,,
553,Thamnophis_pulchrilatus,1.526916286,2.834913575,1.555452084,2.585746515,-1.307997289,-1.030294431,other verts,gray50,0.004116077,0.01027092,,
541,Thamnophis_cyrtopsis,1.487563235,2.859018599,1.57862647,2.584222934,-1.371455365,-1.005596464,other verts,gray50,0.004116077,0.01027092,,
539,Thamnophis_chrysocephalus,1.626851644,2.848799656,1.593099075,2.59101887,-1.221948011,-0.997919794,other verts,gray50,0.004116077,0.01027092,,
552,Thamnophis_proximus,1.35418401,2.746713441,1.320971816,2.536728548,-1.392529431,-1.215756732,other verts,gray50,0.004116077,0.01027092,,
555,Thamnophis_saurita,1.315000275,2.740598255,1.312111472,2.519812811,-1.425597981,-1.20770134,other verts,gray50,0.004116077,0.01027092,,
558,Thamnophis_sirtalis,1.802198722,3.122459303,1.821810493,2.819951549,-1.320260582,-0.998141056,other verts,gray50,0.004116077,0.01027092,,0.184679289
516,Storeria_occipitomaculata,0.592485351,1.819686177,0.075776393,1.764910925,-1.227200825,-1.689134532,mollusks,saddlebrown,0.002058038,0.00513546,,
515,Storeria_dekayi,0.934386257,2.211056144,0.755607402,2.096642558,-1.276669886,-1.341035156,mollusks,saddlebrown,0.000823215,0.002054184,,
315,Liodytes_alleni,1.469870342,2.836978452,1.675997886,2.448725416,-1.36710811,-0.77272753,crusts,tomato2,0.001029019,0.00256773,,
316,Liodytes_rigida,1.455926266,2.726622689,1.519241015,2.395638649,-1.270696423,-0.876397634,crusts,tomato2,0.000823215,0.002054184,,
496,Seminatrix_pygaea,1.310800017,2.5534461,1.172322797,2.300162632,-1.242646083,-1.127839835,other verts,gray50,0.004116077,0.01027092,,
590,Virginia_valeriae,1.188211761,2.135231226,0.595599482,1.995979369,-0.947019464,-1.400379887,worms,lightpink2,0.002058038,0.00513546,,
95,Clonophis_kirtlandii,1.150239561,2.432064269,0.991096471,2.21612773,-1.281824708,-1.225031259,worms,lightpink2,0.002058038,0.00513546,,
589,Virginia_striatula,0.877812065,1.906452059,0.253468851,1.836436798,-1.028639993,-1.582967947,worms,lightpink2,0.004116077,0.01027092,,
381,Nerodia_harteri,1.886962506,3.209517224,1.921369759,2.798984431,-1.322554718,-0.877614672,fish,turquoise2,0.004116077,0.01027092,,
383,Nerodia_sipedon,1.919272644,3.144318548,1.927434167,2.816663619,-1.225045905,-0.889229453,fish,turquoise2,0.002058038,0.00513546,,
377,Nerodia_clarkii,1.996673987,3.260134658,2.086445678,2.931388673,-1.263460672,-0.844942995,fish,turquoise2,0.004116077,0.01027092,,
380,Nerodia_fasciata,2.083920276,3.341224005,2.143044733,2.986831154,-1.257303729,-0.843786421,other verts,gray50,0.004116077,0.01027092,,
379,Nerodia_erythrogaster,2.05424286,3.46774909,2.304229035,3.118959638,-1.413506229,-0.814730603,other verts,gray50,0.004116077,0.01027092,,
384,Nerodia_taxispilota,2.436428917,3.676166266,2.79675024,3.094150721,-1.239737349,-0.297400481,fish,turquoise2,0.004116077,0.01027092,,
382,Nerodia_rhombifer,2.671928074,3.906895961,2.925430542,3.3943191,-1.234967888,-0.468888558,fish,turquoise2,0.004116077,0.01027092,,
378,Nerodia_cyclopion,2.038795011,3.279174323,2.106534135,2.915389247,-1.240379312,-0.808855112,fish,turquoise2,0.002058038,0.00513546,,
578,Tropidoclonion_lineatum,1.463659911,2.377785194,0.891748004,2.142434852,-0.914125283,-1.250686847,worms,lightpink2,0.004116077,0.01027092,,
478,Regina_septemvittata,1.39182385,2.759805122,1.408100792,2.496940228,-1.367981273,-1.088839436,crusts,tomato2,0.000823215,0.002054184,,
375,Natrix_natrix,2.150394541,3.384625974,2.276429515,2.983571971,-1.234231433,-0.707142457,other verts,gray50,0.002058038,0.00513546,,
376,Natrix_tessellata,1.568446056,2.897570916,1.633832822,2.569153326,-1.32912486,-0.935320504,fish,turquoise2,0.004116077,0.01027092,,
574,Trimerodytes_annularis,2.000182472,3.067339828,1.808729957,2.839042549,-1.067157357,-1.030312592,eels,royalblue2,0.004116077,0.01027092,,
404,Opisthotropis_latouchii,1.360259168,2.552304162,0.874935265,2.439062629,-1.192044993,-1.564127364,worms,lightpink2,0.004116077,0.01027092,,
480,Rhabdophis_tigrinus,1.401770559,2.877810438,1.573143624,2.717242925,-1.476039879,-1.144099301,other verts,gray50,0.004116077,0.01027092,,
479,Rhabdophis_subminiatus,1.575027336,2.895460564,1.618095652,2.677579759,-1.320433228,-1.059484107,other verts,gray50,0.004116077,0.01027092,,
200,Fowlea_piscator,2.039914064,3.209560835,1.957808138,2.889595782,-1.169646772,-0.931787645,fish,turquoise2,0.002058038,0.00513546,,
51,Atretium_schistosum,1.502067231,2.772604191,1.496845864,2.495338664,-1.270536961,-0.9984928,other verts,gray50,0.002058038,0.00513546,,
25,Amphiesma_stolatum,1.527305008,2.869365906,1.51501033,2.646504255,-1.342060897,-1.131493925,other verts,gray50,0.002058038,0.00513546,,
374,Natriciteres_olivacea,0.963978384,2.412861629,0.907443885,2.230268805,-1.448883245,-1.322824921,other verts,gray50,0.004116077,0.01027092,,
4,Afronatrix_anoscopus,1.533035913,2.759689727,1.476825345,2.514358264,-1.226653814,-1.037532918,other verts,gray50,0.002058038,0.00513546,,
329,Lycognathophis_seychellensis,1.730585937,2.922453689,1.505235637,2.698388711,-1.191867752,-1.193153073,lizards,forestgreen,0.004116077,0.01027092,,
219,Hebius_sauteri,1.348000194,2.51553924,1.062124035,2.274068428,-1.167539046,-1.211944393,other verts,gray50,0.004116077,0.01027092,,
570,Trachischium_fuscum,1.402468654,2.42411786,0.978395294,2.256668832,-1.021649206,-1.278273538,worms,lightpink2,0.004116077,0.01027092,,
38,Aspidura_brachyorrhos,1.07975451,2.326199537,0.600726775,2.182727922,-1.246445027,-1.582001147,worms,lightpink2,0.004116077,0.01027092,,
190,Erythrolamprus_mimus,1.645758614,2.726644456,1.310749642,2.474898294,-1.080885842,-1.164148652,snakes,mediumpurple2,0.004116077,0.01027092,,
184,Erythrolamprus_bizona,1.703036563,2.749905728,1.395187787,2.580624433,-1.046869165,-1.185436645,snakes,mediumpurple2,0.004116077,0.01027092,,
182,Erythrolamprus_aesculapii,1.732081326,2.831360256,1.566188312,2.590948151,-1.099278931,-1.024759839,snakes,mediumpurple2,0.004116077,0.01027092,,
189,Erythrolamprus_juliae,1.231561156,2.654732075,1.182782569,2.539431028,-1.423170919,-1.356648459,other verts,gray50,0.004116077,0.01027092,,
186,Erythrolamprus_cursor,1.598428413,2.831107215,1.416277422,2.596571792,-1.232678803,-1.18029437,other verts,gray50,0.004116077,0.01027092,,
187,Erythrolamprus_epinephalus,1.390658335,2.722454946,1.285049919,2.497968456,-1.331796611,-1.212918537,other verts,gray50,0.002058038,0.00513546,,
185,Erythrolamprus_breviceps,1.671635861,2.677929846,1.295582905,2.457551818,-1.006293985,-1.161968913,eels,royalblue2,0.004116077,0.01027092,,
192,Erythrolamprus_reginae,1.547976434,2.74945538,1.364088396,2.499163001,-1.201478946,-1.135074605,other verts,gray50,0.004116077,0.01027092,,
191,Erythrolamprus_poecilogyrus,1.70767397,2.86443147,1.639622276,2.580688391,-1.1567575,-0.941066115,other verts,gray50,0.004116077,0.01027092,,
193,Erythrolamprus_typhlus,1.566689663,2.850748727,1.606873319,2.596615163,-1.284059064,-0.989741844,other verts,gray50,0.004116077,0.01027092,,
188,Erythrolamprus_jaegeri,1.267694978,2.620036541,0.983352961,2.480216924,-1.352341563,-1.496863963,other verts,gray50,0.004116077,0.01027092,,
183,Erythrolamprus_almadensis,1.427374816,2.772459818,1.425262362,2.576607181,-1.345085002,-1.151344818,other verts,gray50,0.004116077,0.01027092,,
595,Xenodon_guentheri,1.775961819,3.132725422,2.139898338,2.712048514,-1.356763604,-0.572150176,other verts,gray50,0.004116077,0.01027092,,
596,Xenodon_histricus,1.102947871,2.445178005,1.521749461,2.270036366,-1.342230134,-0.748286905,other verts,gray50,0.004116077,0.01027092,,
594,Xenodon_dorbignyi,1.365422804,2.675448538,1.709460076,2.422927048,-1.310025735,-0.713466972,other verts,gray50,0.004116077,0.01027092,,
598,Xenodon_neuwiedii,1.690644842,3.147224245,2.102324816,2.800281273,-1.456579403,-0.697956457,other verts,gray50,0.004116077,0.01027092,,
597,Xenodon_merremii,2.256020427,3.32313175,2.477500276,2.887871869,-1.067111322,-0.410371593,other verts,gray50,0.004116077,0.01027092,,
599,Xenodon_rabdocephalus,1.672613477,2.88111688,1.732941417,2.63888225,-1.208503402,-0.905940833,other verts,gray50,0.004116077,0.01027092,,
600,Xenodon_severus,2.385720899,3.602468999,2.806376684,3.145263993,-1.2167481,-0.338887308,other verts,gray50,0.002058038,0.00513546,,
334,Lygophis_paucidens,1.244864868,2.449284862,0.97760679,2.304785414,-1.204419993,-1.327178624,lizards,forestgreen,0.004116077,0.01027092,,
332,Lygophis_flavifrenatus,1.489645327,2.851209469,1.451664338,2.667283226,-1.361564142,-1.215618888,other verts,gray50,0.004116077,0.01027092,,
333,Lygophis_meridionalis,1.360030664,2.672646957,1.231300846,2.442275706,-1.312616293,-1.21097486,other verts,gray50,0.004116077,0.01027092,,
331,Lygophis_anomalus,1.56692805,2.832270623,1.819038271,2.506381151,-1.265342573,-0.687342881,other verts,gray50,0.004116077,0.01027092,,
585,Uromacer_frenatus,1.834290837,3.192880139,1.872769528,2.982599101,-1.358589302,-1.109829573,lizards,forestgreen,0.004116077,0.01027092,,
586,Uromacer_oxyrhynchus,1.72498505,3.003097383,1.416979277,2.826542857,-1.278112332,-1.40956358,lizards,forestgreen,0.004116077,0.01027092,,
584,Uromacer_catesbyi,1.494284593,2.855382403,1.311758001,2.671859883,-1.36109781,-1.360101882,other verts,gray50,0.004116077,0.01027092,,
128,Cubophis_vudii,1.731892627,2.896431019,1.433287294,2.64379717,-1.164538392,-1.210509876,lizards,forestgreen,0.004116077,0.01027092,,
127,Cubophis_cantherigerus,1.971397022,3.156357523,1.839175867,2.866937473,-1.184960501,-1.027761606,lizards,forestgreen,0.002058038,0.00513546,,
79,Caraiba_andreae,1.073932336,2.46188106,0.991581433,2.307087972,-1.387948724,-1.315506539,other verts,gray50,0.004116077,0.01027092,,
273,Hypsirhynchus_ferox,2.184942607,3.343029861,1.984021855,3.001325002,-1.158087254,-1.017303147,lizards,forestgreen,0.004116077,0.01027092,,
275,Hypsirhynchus_parvifrons,1.63953716,2.859744394,1.495505536,2.612467141,-1.220207234,-1.116961606,lizards,forestgreen,0.004116077,0.01027092,,
274,Hypsirhynchus_funereus,1.277994246,2.511456199,1.029637681,2.279376823,-1.233461953,-1.249739142,lizards,forestgreen,0.004116077,0.01027092,,
272,Hypsirhynchus_callilaemus,0.980129107,2.244018287,0.585208743,2.123187067,-1.263889179,-1.537978325,lizards,forestgreen,0.004116077,0.01027092,,
276,Ialtris_dorsalis,1.903602144,3.003832659,1.716944398,2.682828689,-1.100230516,-0.965884291,other verts,gray50,0.004116077,0.01027092,,
277,Ialtris_haetianus,0.94188941,2.261958984,0.635194664,2.144296284,-1.320069574,-1.50910162,other verts,gray50,0.004116077,0.01027092,,
63,Borikenophis_portoricensis,1.840005634,2.994504684,1.675311641,2.736230864,-1.154499049,-1.060919223,lizards,forestgreen,0.002058038,0.00513546,,
341,Magliophis_stahli,1.477713244,2.615537012,1.243962419,2.412081775,-1.137823768,-1.168119356,lizards,forestgreen,0.004116077,0.01027092,,
340,Magliophis_exiguus,1.223950925,2.373053416,0.825045073,2.217051733,-1.14910249,-1.392006661,lizards,forestgreen,0.004116077,0.01027092,,
21,Alsophis_rufiventris,1.507059188,2.662917224,1.026355934,2.570998375,-1.155858036,-1.544642441,lizards,forestgreen,0.004116077,0.01027092,,
472,Psomophis_joberti,0.863230736,2.156195637,0.554166205,2.021221857,-1.2929649,-1.467055653,other verts,gray50,0.004116077,0.01027092,,
471,Psomophis_genimaculatus,1.008604775,2.259426568,0.745115596,2.092116847,-1.250821793,-1.347001251,other verts,gray50,0.004116077,0.01027092,,
455,Pseudalsophis_hoodensis,1.35772152,2.671233954,1.105458709,2.52695483,-1.313512434,-1.421496121,lizards,forestgreen,0.004116077,0.01027092,,
426,Philodryas_baroni,2.084212364,3.347954845,2.041645183,3.127385682,-1.263742481,-1.085740498,other verts,gray50,0.004116077,0.01027092,,
427,Philodryas_chamissonis,2.166147768,3.335772008,2.059476549,2.989394078,-1.169624241,-0.92991753,other verts,gray50,0.004116077,0.01027092,,
429,Philodryas_olfersii,1.670202815,2.798306361,1.415909042,2.630265202,-1.128103545,-1.21435616,other verts,gray50,0.004116077,0.01027092,,
428,Philodryas_nattereri,1.986209683,3.082153175,1.715104067,2.860421902,-1.095943492,-1.145317835,other verts,gray50,0.004116077,0.01027092,,
425,Philodryas_agassizii,1.072390631,2.405347025,0.954972968,2.27984458,-1.332956394,-1.324871611,bugs,goldenrod2,0.004116077,0.01027092,,
431,Philodryas_psammophidea,2.092275873,3.098798481,1.73491484,2.770370216,-1.006522608,-1.035455377,other verts,gray50,0.004116077,0.01027092,,
430,Philodryas_patagoniensis,2.180978263,3.349755114,2.153428886,3.072250848,-1.168776852,-0.918821962,other verts,gray50,0.004116077,0.01027092,,
424,Philodryas_aestiva,1.848477045,2.968152407,1.723124627,2.802242872,-1.119675361,-1.079118245,other verts,gray50,0.004116077,0.01027092,,
91,Chlorosoma_viridissimum,1.973183032,3.12632308,1.840260931,2.854539312,-1.153140047,-1.014278381,other verts,gray50,0.004116077,0.01027092,,
603,Xenoxybelis_argenteus,1.630057369,2.903336463,1.349227147,2.765625314,-1.273279094,-1.416398167,lizards,forestgreen,0.002058038,0.00513546,,
582,Tropidodryas_striaticeps,1.739456984,2.917722651,1.595676339,2.683444617,-1.178265667,-1.087768278,other verts,gray50,0.004116077,0.01027092,,
581,Tropidodryas_serra,2.25567073,3.337597789,2.076687627,3.049017282,-1.081927058,-0.972329655,other verts,gray50,0.004116077,0.01027092,,
33,Apostolepis_flavotorquata,1.308641792,2.388538443,0.472567877,2.309693983,-1.079896651,-1.837126105,snakes,mediumpurple2,0.004116077,0.01027092,,
32,Apostolepis_assimilis,1.332975058,2.343406239,0.305002555,2.251454426,-1.010431181,-1.946451871,snakes,mediumpurple2,0.004116077,0.01027092,,
173,Elapomorphus_quinquelineatus,1.769849227,2.828739844,1.051311917,2.681124733,-1.058890617,-1.629812816,snakes,mediumpurple2,0.004116077,0.01027092,,
423,Phalotris_mertensi,2.412746812,3.37778787,1.777366201,3.183843848,-0.965041058,-1.406477647,snakes,mediumpurple2,0.004116077,0.01027092,,
524,Taeniophallus_brevirostris,1.22241218,2.474290459,0.967250574,2.253175511,-1.251878279,-1.285924937,lizards,forestgreen,0.002058038,0.00513546,,
166,Echinanthera_melanostigma,1.552548743,2.874010007,1.435250263,2.685326688,-1.321461264,-1.250076424,other verts,gray50,0.004116077,0.01027092,,
143,Dibernardia_affinis,1.173858469,2.298496456,0.752882341,2.144740643,-1.124637987,-1.391858302,lizards,forestgreen,0.004116077,0.01027092,,
512,Sordellina_punctata,1.502689783,2.653253958,1.206279674,2.433094579,-1.150564175,-1.226814905,worms,lightpink2,0.004116077,0.01027092,,
94,Clelia_clelia,2.434696964,3.493810157,2.296971259,3.157125968,-1.059113193,-0.860154709,snakes,mediumpurple2,0.002058038,0.00513546,,
62,Boiruna_maculata,2.31084383,3.369327655,2.125621035,3.209893293,-1.058483824,-1.084272258,snakes,mediumpurple2,0.004116077,0.01027092,,
461,Pseudoboa_nigra,1.832974656,2.944338386,1.619785816,2.809586863,-1.111363731,-1.189801047,lizards,forestgreen,0.004116077,0.01027092,,
460,Pseudoboa_neuwiedii,1.267120581,2.525522223,1.13976645,2.31249764,-1.258401642,-1.17273119,lizards,forestgreen,0.004116077,0.01027092,,
459,Pseudoboa_coronata,1.969829925,3.003043737,1.726954436,2.857172523,-1.033213812,-1.130218086,lizards,forestgreen,0.004116077,0.01027092,,
481,Rhachidelus_brazili,2.551796002,3.48371771,2.334959978,3.129261016,-0.931921708,-0.794301038,other verts,gray50,0.004116077,0.01027092,,
156,Drepanoides_anomalus,1.499106651,2.763488553,1.416935447,2.612676167,-1.264381902,-1.195740719,other verts,gray50,0.004116077,0.01027092,,
367,Mussurana_bicolor,2.21288756,3.303952313,1.943686598,3.087744433,-1.091064753,-1.144057835,other verts,gray50,0.004116077,0.01027092,,
420,Paraphimophis_rusticus,1.281645211,2.329433936,0.957965362,2.213077355,-1.047788725,-1.255111994,other verts,gray50,0.004116077,0.01027092,,
412,Oxyrhopus_fitzingeri,1.402553046,2.485363385,1.081553343,2.361791255,-1.082810339,-1.280237913,lizards,forestgreen,0.004116077,0.01027092,,
416,Oxyrhopus_trigeminus,1.316379996,2.359554833,0.992375686,2.270016255,-1.043174837,-1.277640569,other verts,gray50,0.004116077,0.01027092,,
415,Oxyrhopus_rhombifer,1.708439535,2.812467234,1.357487096,2.637612206,-1.104027699,-1.28012511,other verts,gray50,0.004116077,0.01027092,,
414,Oxyrhopus_petolarius,1.825723464,2.956373675,1.583536096,2.794093316,-1.130650212,-1.210557221,other verts,gray50,0.002058038,0.00513546,,
413,Oxyrhopus_formosus,1.49814853,2.613251957,1.174161729,2.470465574,-1.115103427,-1.296303845,lizards,forestgreen,0.004116077,0.01027092,,
411,Oxyrhopus_clathratus,1.781033303,2.973257955,1.553868934,2.824975243,-1.192224652,-1.271106309,other verts,gray50,0.004116077,0.01027092,,
506,Siphlophis_pulcher,1.511613254,2.593307387,1.250165864,2.4346209,-1.081694134,-1.184455036,lizards,forestgreen,0.004116077,0.01027092,,
505,Siphlophis_compressus,1.655003958,2.812618573,1.380968558,2.630319025,-1.157614616,-1.249350467,lizards,forestgreen,0.004116077,0.01027092,,
504,Siphlophis_cervinus,1.834923522,2.711120761,1.343148189,2.559880333,-0.876197239,-1.216732143,lizards,forestgreen,0.001372026,0.00342364,,
240,Hydrodynastes_gigas,2.146427137,3.296003194,2.134532848,2.994178521,-1.149576057,-0.859645673,other verts,gray50,0.002058038,0.00513546,,
239,Hydrodynastes_bicinctus,1.955607857,3.208050372,2.136111908,3.063623008,-1.252442514,-0.9275111,other verts,gray50,0.004116077,0.01027092,,
602,Xenopholis_undulatus,0.808254901,2.00834193,0.428201201,1.946170287,-1.200087029,-1.517969086,other verts,gray50,0.004116077,0.01027092,,
601,Xenopholis_scalaris,1.121868675,2.314945557,0.869187284,2.151431668,-1.193076883,-1.282244384,other verts,gray50,0.004116077,0.01027092,,
523,Tachymenis_trigonatus,1.445954297,2.570472325,1.231562286,2.329721583,-1.124518028,-1.098159298,other verts,gray50,0.002058038,0.00513546,,
522,Tachymenis_peruviana,1.555597522,2.770271155,1.426249832,2.519121061,-1.214673633,-1.092871229,other verts,gray50,0.002058038,0.00513546,,
211,Gomesophis_brasiliensis,1.341385201,2.338969694,0.947906394,2.170520999,-0.997584493,-1.222614605,worms,lightpink2,0.004116077,0.01027092,,
566,Tomodon_dorsatus,1.610437826,2.818047163,1.664898041,2.461285928,-1.207609337,-0.796387887,mollusks,saddlebrown,0.004116077,0.01027092,,
535,Thamnodynastes_pallidus,1.530915671,2.647825607,1.444873873,2.42386145,-1.116909936,-0.978987577,other verts,gray50,0.004116077,0.01027092,,
350,Mesotes_strigatus,1.535493672,2.614434834,1.281404185,2.380295866,-1.078941163,-1.09889168,other verts,gray50,0.004116077,0.01027092,,
605,Zonateres_lanei,1.544973409,2.612237409,1.298103956,2.358587706,-1.067264,-1.06048375,other verts,gray50,0.004116077,0.01027092,,
349,Mesotes_rutilus,1.580439031,2.797612588,1.547938109,2.509166986,-1.217173556,-0.961228877,other verts,gray50,0.004116077,0.01027092,,
221,Helicops_carinicaudus,2.251951436,3.417856042,2.208168117,3.02118146,-1.165904606,-0.813013343,fish,turquoise2,0.004116077,0.01027092,,
222,Helicops_leopardinus,1.497775033,2.661818268,1.449380671,2.34318338,-1.164043235,-0.893802709,fish,turquoise2,0.004116077,0.01027092,,
220,Helicops_angulatus,2.207501258,3.350938962,2.247411101,3.048928146,-1.143437703,-0.801517046,fish,turquoise2,0.002058038,0.00513546,,
268,Hydrops_triangularis,1.229765759,2.266124521,0.97501079,2.195355659,-1.036358762,-1.220344869,eels,royalblue2,0.004116077,0.01027092,,
463,Pseudoeryx_plicatilis,2.113418028,3.088736915,1.987774686,2.807863477,-0.975318887,-0.820088791,eels,royalblue2,0.004116077,0.01027092,,
440,Pliocercus_elapoides,1.367980872,2.573199365,0.99562674,2.40790231,-1.205218493,-1.41227557,other verts,gray50,0.001372026,0.00342364,,
343,Manolepis_putnami,1.636656666,2.790870115,1.308806825,2.553712482,-1.154213449,-1.244905657,lizards,forestgreen,0.002058038,0.00513546,,
103,Conophis_lineatus,1.792753193,2.902917579,1.668702848,2.699699263,-1.110164386,-1.030996415,lizards,forestgreen,0.002058038,0.00513546,,
104,Conophis_vittatus,1.597977083,2.731383783,1.448874376,2.553130771,-1.1334067,-1.104256395,lizards,forestgreen,0.004116077,0.01027092,,
147,Dipsas_catesbyi,1.459986369,3.018582072,1.71254862,2.822591579,-1.558595703,-1.110042959,mollusks,saddlebrown,0.004116077,0.01027092,,
145,Dipsas_albifrons,1.317531833,2.758184481,1.935893335,2.441956392,-1.440652648,-0.506063057,mollusks,saddlebrown,0.004116077,0.01027092,,
152,Dipsas_variegata,1.415724784,2.948979719,2.255387752,2.583855529,-1.533254935,-0.328467777,mollusks,saddlebrown,0.004116077,0.01027092,,0.72002613
149,Dipsas_mikanii,1.143741926,2.593273244,1.176511974,2.380252985,-1.449531317,-1.203741012,mollusks,saddlebrown,0.004116077,0.01027092,,
150,Dipsas_neuwiedi,1.299049692,2.697616037,1.415825865,2.460871952,-1.398566346,-1.045046087,mollusks,saddlebrown,0.004116077,0.01027092,,
151,Dipsas_turgida,1.039809612,2.661036385,1.500646375,2.407701849,-1.621226773,-0.907055474,mollusks,saddlebrown,0.004116077,0.01027092,,
148,Dipsas_indica,1.611337431,2.952311023,2.115129716,2.615324116,-1.340973593,-0.500194399,mollusks,saddlebrown,0.002058038,0.00513546,,
146,Dipsas_articulata,0.481814538,2.327524627,1.26831319,2.0883249,-1.845710089,-0.82001171,mollusks,saddlebrown,0.004116077,0.01027092,,
498,Sibon_dimidiatus,1.284522146,2.265508505,0.91111652,2.136784641,-0.980986359,-1.225668121,mollusks,saddlebrown,0.002058038,0.00513546,,
499,Sibon_nebulatus,1.584655031,2.67031756,1.50737437,2.466714188,-1.08566253,-0.959339819,mollusks,saddlebrown,0.002058038,0.00513546,,
580,Tropidodipsas_fischeri,1.690109761,2.688849338,1.293025116,2.542155934,-0.998739578,-1.249130818,mollusks,saddlebrown,0.004116077,0.01027092,,
579,Tropidodipsas_fasciata,1.60959052,2.643873835,1.304851541,2.452202374,-1.034283315,-1.147350833,mollusks,saddlebrown,0.004116077,0.01027092,,
207,Geophis_sartorii,1.558279548,2.652368022,1.520415495,2.507904237,-1.094088474,-0.987488742,mollusks,saddlebrown,0.004116077,0.01027092,,
385,Ninia_atrata,1.111746919,2.211793727,0.638408149,2.078768905,-1.100046808,-1.440360756,mollusks,saddlebrown,0.004116077,0.01027092,,
387,Ninia_sebae,1.276257536,2.380652776,0.802403565,2.183079409,-1.10439524,-1.380675843,worms,lightpink2,0.004116077,0.01027092,,
386,Ninia_diademata,0.738628828,2.019617779,0.363395283,2.018342547,-1.280988951,-1.654947264,mollusks,saddlebrown,0.004116077,0.01027092,,
202,Geophis_carinosus,0.703559973,1.892972288,0.135472908,1.887835333,-1.189412315,-1.752362425,worms,lightpink2,0.004116077,0.01027092,,
203,Geophis_dubius,0.992566345,2.053360463,0.247629156,2.02422901,-1.060794118,-1.776599855,worms,lightpink2,0.004116077,0.01027092,,
206,Geophis_latifrontalis,1.151621089,2.135102982,0.347751526,2.04025752,-0.983481893,-1.692505995,worms,lightpink2,0.004116077,0.01027092,,
47,Atractus_flammigerus,1.373007488,2.341568429,0.819894096,2.149216544,-0.968560941,-1.329322448,worms,lightpink2,0.004116077,0.01027092,,
50,Atractus_reticulatus,1.314482781,2.297538047,0.848117309,2.193466565,-0.983055266,-1.345349256,worms,lightpink2,0.004116077,0.01027092,,
46,Atractus_elaps,1.567888855,2.498185986,1.261369542,2.371527126,-0.93029713,-1.110157585,worms,lightpink2,0.004116077,0.01027092,,
49,Atractus_occidentalis,1.406335426,2.269865881,0.812635745,2.143575908,-0.863530455,-1.330940163,worms,lightpink2,0.004116077,0.01027092,,
48,Atractus_major,1.645725849,2.495816115,1.18466851,2.286004833,-0.850090267,-1.101336323,worms,lightpink2,0.004116077,0.01027092,,
204,Geophis_godmani,1.178485768,2.202641645,0.332974534,2.112740197,-1.024155876,-1.779765663,worms,lightpink2,0.004116077,0.01027092,,
205,Geophis_hoffmanni,1.062863812,2.008224659,0.142730486,1.938058437,-0.945360847,-1.795327951,worms,lightpink2,0.004116077,0.01027092,,
45,Atractus_badius,1.386816031,2.209109344,0.623271035,2.004576048,-0.822293314,-1.381305014,worms,lightpink2,0.004116077,0.01027092,,
3,Adelphicos_quadrivirgatum,1.435799183,2.243777065,0.75079346,2.088483601,-0.807977882,-1.337690141,worms,lightpink2,0.004116077,0.01027092,,
125,Cryophis_hallbergi,1.86050761,3.060247288,1.860662423,2.780856294,-1.199739677,-0.920193871,other verts,gray50,0.004116077,0.01027092,,
571,Tretanorhinus_nigroluteus,1.854418714,2.979497679,1.700081145,2.648471341,-1.125078965,-0.948390196,fish,turquoise2,0.002058038,0.00513546,,
483,Rhadinaea_fulvivittis,1.088691117,2.323475717,0.572238328,2.214249174,-1.234784601,-1.642010847,other verts,gray50,0.002058038,0.00513546,,
482,Rhadinaea_flavilata,0.73203194,2.061681808,0.409762911,1.904866871,-1.329649869,-1.49510396,other verts,gray50,0.004116077,0.01027092,,
102,Coniophanes_schmidti,1.433309661,2.619092957,1.296676601,2.391578112,-1.185783296,-1.094901511,other verts,gray50,0.004116077,0.01027092,,
101,Coniophanes_imperialis,1.674587447,2.699767511,1.325045005,2.564974042,-1.025180064,-1.239929037,other verts,gray50,0.004116077,0.01027092,,
100,Coniophanes_fissidens,1.782338261,2.912982699,1.650001981,2.634881255,-1.130644439,-0.984879274,other verts,gray50,0.004116077,0.01027092,,
305,Leptodeira_maculata,1.733364257,2.859214567,1.562553325,2.593069125,-1.12585031,-1.0305158,other verts,gray50,0.004116077,0.01027092,,
308,Leptodeira_septentrionalis,2.005531272,3.077896989,1.932618072,2.777051427,-1.072365717,-0.844433355,other verts,gray50,0.002058038,0.00513546,,
303,Leptodeira_bakeri,1.94067396,3.034497066,1.878815896,2.766569214,-1.093823106,-0.887753318,other verts,gray50,0.004116077,0.01027092,,
302,Leptodeira_annulata,1.575542765,2.79770978,1.536769829,2.536238677,-1.222167015,-0.999468848,other verts,gray50,0.002058038,0.00513546,,
309,Leptodeira_splendida,1.611959861,2.821616246,1.403044245,2.615436594,-1.209656386,-1.212392349,other verts,gray50,0.004116077,0.01027092,,
307,Leptodeira_punctata,1.340791373,2.519670959,1.229384469,2.293260464,-1.178879586,-1.063875995,other verts,gray50,0.002058038,0.00513546,,
304,Leptodeira_frenata,1.605020032,2.737080705,1.458701908,2.475303341,-1.132060673,-1.016601433,other verts,gray50,0.002058038,0.00513546,,
306,Leptodeira_nigrofasciata,1.351379281,2.528302324,1.058175699,2.328589594,-1.176923043,-1.270413895,other verts,gray50,0.002058038,0.00513546,,
281,Imantodes_lentiferus,1.15250238,2.359842416,0.869530756,2.204238531,-1.207340037,-1.334707775,other verts,gray50,0.004116077,0.01027092,,
279,Imantodes_gemmistratus,1.172527046,2.363698818,0.992641753,2.20853058,-1.191171772,-1.215888827,lizards,forestgreen,0.002058038,0.00513546,,
282,Imantodes_tenuissimus,1.13582777,2.405644229,0.870905124,2.258291876,-1.26981646,-1.387386752,lizards,forestgreen,0.004116077,0.01027092,,
278,Imantodes_cenchoa,1.645858377,2.80460605,1.477183071,2.578063394,-1.158747673,-1.100880323,lizards,forestgreen,0.001372026,0.00342364,,
280,Imantodes_inornatus,1.127364229,2.431367154,1.045372851,2.242364632,-1.304002925,-1.19699178,other verts,gray50,0.004116077,0.01027092,,
389,Nothopsis_rugosus,0.959003872,2.336596469,0.948406396,2.218998962,-1.377592597,-1.270592566,other verts,gray50,0.004116077,0.01027092,,
270,Hypsiglena_chlorophaea,1.259458215,2.435445062,1.057520337,2.266631888,-1.175986847,-1.20911155,lizards,forestgreen,0.001372026,0.00342364,,
271,Hypsiglena_jani,1.362966506,2.551617198,1.264592601,2.357616679,-1.188650692,-1.093024078,lizards,forestgreen,0.002058038,0.00513546,,
465,Pseudoleptodeira_latifasciata,1.882159531,3.054549941,1.721924946,2.778554388,-1.17239041,-1.056629442,other verts,gray50,0.004116077,0.01027092,,
484,Rhadinella_lachrymans,0.653517399,2.06230379,0.310339553,2.015968099,-1.408786391,-1.705628545,other verts,gray50,0.004116077,0.01027092,,
526,Tantalophis_discolor,1.432092018,2.664831984,1.222148289,2.472736026,-1.232739967,-1.250587736,other verts,gray50,0.004116077,0.01027092,,
22,Amastridium_veliferum,1.718014777,2.967002219,1.563407821,2.685582058,-1.248987441,-1.122174237,other verts,gray50,0.004116077,0.01027092,,
575,Trimetopon_gracile,0.465910084,1.871224044,0.122005131,1.812705147,-1.40531396,-1.690700016,other verts,gray50,0.004116077,0.01027092,,
521,Synophis_bicolor,1.567521627,2.744136236,1.324317478,2.496341197,-1.176614609,-1.17202372,lizards,forestgreen,0.004116077,0.01027092,,
110,Crisantophis_nevermanni,1.775098693,2.851039876,1.536918552,2.618536491,-1.075941183,-1.081617939,other verts,gray50,0.004116077,0.01027092,,
195,Farancia_abacura,1.89398674,2.956021646,1.746019252,2.717161136,-1.062034907,-0.971141884,eels,royalblue2,0.002058038,0.00513546,,
196,Farancia_erytrogramma,1.695673642,2.791986867,1.592693511,2.547368678,-1.096313225,-0.954675166,eels,royalblue2,0.004116077,0.01027092,,
81,Carphophis_vermis,0.813457859,1.973410999,0.243541277,1.976454274,-1.159953139,-1.732912998,worms,lightpink2,0.004116077,0.01027092,,
80,Carphophis_amoenus,0.582842757,1.758610867,-0.065910428,1.801975462,-1.17576811,-1.86788589,worms,lightpink2,0.004116077,0.01027092,,
142,Diadophis_punctatus,1.00391479,2.275647753,0.672670465,2.136783162,-1.271732963,-1.464112697,other verts,gray50,0.001372026,0.00342364,,
178,Enulius_flavitorques,0.724131679,1.773309961,-0.422969252,1.754147211,-1.049178281,-2.177116463,other verts,gray50,0.004116077,0.01027092,,
107,Contia_tenuis,0.675847308,1.91547013,0.160245928,1.863988692,-1.239622822,-1.703742763,mollusks,saddlebrown,0.002058038,0.00513546,,
230,Heterodon_simus,1.51562449,2.861217415,2.131669575,2.496832999,-1.345592925,-0.365163424,other verts,gray50,0.002058038,0.00513546,,
228,Heterodon_nasicus,1.850346281,3.057851682,2.378179795,2.57407719,-1.207505401,-0.195897395,other verts,gray50,0.004116077,0.01027092,,
229,Heterodon_platirhinos,1.719889508,3.064958948,2.291552296,2.667810243,-1.345069439,-0.376257946,other verts,gray50,0.001029019,0.00256773,,
563,Thermophis_baileyi,1.457162537,2.750556027,1.250040665,2.540356393,-1.293393491,-1.290315729,other verts,gray50,0.004116077,0.01027092,,
468,Pseudoxenodon_macrops,1.731885989,3.0464883,1.880571148,2.815582687,-1.314602312,-0.935011539,other verts,gray50,0.002058038,0.00513546,,
469,Pseudoxenodon_stejnegeri,1.649775438,2.908862645,1.696766154,2.643568784,-1.259087207,-0.94680263,other verts,gray50,0.004116077,0.01027092,,
259,Hydrophis_ornatus,2.021658568,3.138409672,1.913754325,3.030532836,-1.116751104,-1.11677851,fish,turquoise2,0.000823215,0.002054184,,
258,Hydrophis_ocellatus,1.708755626,2.836447088,1.51657947,2.813674874,-1.127691461,-1.297095404,fish,turquoise2,0.004116077,0.01027092,,
260,Hydrophis_peronii,1.674284287,2.756708011,1.366287844,2.601693312,-1.082423724,-1.235405469,fish,turquoise2,0.000823215,0.002054184,,
253,Hydrophis_kingii,1.909230641,2.966757968,1.593572575,2.899238415,-1.057527327,-1.30566584,eels,royalblue2,0.004116077,0.01027092,,
255,Hydrophis_macdowelli,1.358776038,2.385400704,0.921079476,2.415682929,-1.026624666,-1.494603454,eels,royalblue2,0.000823215,0.002054184,,
267,Hydrophis_zweifeli,1.685254147,2.873500249,1.758997915,2.684774236,-1.188246102,-0.925776321,fish,turquoise2,0.002058038,0.00513546,,
256,Hydrophis_major,2.0958924,3.193982969,1.990008704,3.023291908,-1.09809057,-1.033283204,fish,turquoise2,0.000823215,0.002054184,,
242,Hydrophis_atriceps,1.172357845,2.232588833,0.8486607,2.209936197,-1.060230988,-1.361275497,eels,royalblue2,0.000823215,0.002054184,,
251,Hydrophis_fasciatus,1.201058927,2.271860767,0.77287314,2.199369275,-1.07080184,-1.426496135,eels,royalblue2,0.004116077,0.01027092,,
261,Hydrophis_platurus,2.115523945,3.374704636,2.018487989,3.205380344,-1.259180691,-1.186892355,fish,turquoise2,0.000823215,0.002054184,,
262,Hydrophis_schistosus,2.03919388,3.119710962,2.061795591,2.915398711,-1.080517083,-0.85360312,fish,turquoise2,0.000823215,0.002054184,,
264,Hydrophis_stokesii,1.961950145,3.090653806,1.972322425,2.859887473,-1.128703661,-0.887565047,fish,turquoise2,0.002058038,0.00513546,,
244,Hydrophis_brookii,1.210408636,2.287349298,0.844357272,2.263590798,-1.076940662,-1.419233526,eels,royalblue2,0.000823215,0.002054184,,
247,Hydrophis_curtus,2.0803005,3.153182043,2.023083348,2.95180035,-1.072881543,-0.928717002,fish,turquoise2,0.000823215,0.002054184,,
250,Hydrophis_elegans,1.531802916,2.541375399,1.133754517,2.479929137,-1.009572483,-1.34617462,eels,royalblue2,0.002058038,0.00513546,,
243,Hydrophis_belcheri,1.698409356,2.768970126,1.294472674,2.744000116,-1.070560769,-1.449527442,eels,royalblue2,0.004116077,0.01027092,,
257,Hydrophis_melanocephalus,1.579424952,2.652406709,1.247230914,2.629232898,-1.072981757,-1.382001984,eels,royalblue2,0.002058038,0.00513546,,
246,Hydrophis_coggeri,1.418419934,2.478425938,1.024651754,2.416473624,-1.060006005,-1.39182187,eels,royalblue2,0.002058038,0.00513546,,
248,Hydrophis_cyanocinctus,1.994860746,2.989719874,1.676666175,2.925553158,-0.994859128,-1.248886983,eels,royalblue2,0.001029019,0.00256773,,
265,Hydrophis_torquatus,2.230141106,3.241676128,2.014548916,3.145376064,-1.011535022,-1.130827148,fish,turquoise2,0.004116077,0.01027092,,
245,Hydrophis_caerulescens,1.491522935,2.620382249,1.465393122,2.510672111,-1.128859314,-1.045278988,fish,turquoise2,0.000823215,0.002054184,,
252,Hydrophis_jerdonii,1.841666676,2.862199794,1.585787164,2.827073815,-1.020533117,-1.241286651,eels,royalblue2,0.001372026,0.00342364,,
254,Hydrophis_lapemoides,1.694183126,2.800492805,1.508223984,2.708639827,-1.10630968,-1.200415843,eels,royalblue2,0.000823215,0.002054184,,
266,Hydrophis_viperinus,1.940198997,3.015668221,2.079703706,2.800067206,-1.075469224,-0.7203635,fish,turquoise2,0.000823215,0.002054184,,
263,Hydrophis_spiralis,1.899304548,2.865896234,1.563396826,2.805891884,-0.966591686,-1.242495058,eels,royalblue2,0.001029019,0.00256773,,
353,Microcephalophis_gracilis,1.195973148,2.233187507,0.666904032,2.262534879,-1.037214359,-1.595630848,eels,royalblue2,0.001372026,0.00342364,,
238,Hydrelaps_darwiniensis,1.341006039,2.556661473,1.271134226,2.387523992,-1.215655434,-1.116389766,fish,turquoise2,0.001372026,0.00342364,,
179,Ephalophis_greyae,1.345595335,2.496721442,0.9981273,2.375612366,-1.151126108,-1.377485066,fish,turquoise2,0.001029019,0.00256773,,
14,Aipysurus_foliosquama,1.726817002,2.876375942,1.736235764,2.606495494,-1.14955894,-0.870259731,fish,turquoise2,0.001372026,0.00342364,,
11,Aipysurus_apraefrontalis,1.686034488,2.682663863,1.335368092,2.559450683,-0.996629375,-1.22408259,eels,royalblue2,0.002058038,0.00513546,,
12,Aipysurus_duboisii,1.857521558,3.120953504,1.779718124,2.797003336,-1.263431946,-1.017285212,fish,turquoise2,0.002058038,0.00513546,,
15,Aipysurus_fuscus,1.648715476,2.851374608,1.656530775,2.686798026,-1.202659133,-1.030267251,fish,turquoise2,0.001372026,0.00342364,,
16,Aipysurus_laevis,2.285661637,3.484123788,2.467942537,3.158592225,-1.198462151,-0.690649688,fish,turquoise2,0.002058038,0.00513546,,
224,Hemiaspis_signata,1.538948072,2.610707199,1.053200288,2.417395662,-1.071759127,-1.364195374,other verts,gray50,0.004116077,0.01027092,,
52,Austrelaps_labialis,2.036969328,3.147417299,1.840613383,2.926437421,-1.110447971,-1.085824039,lizards,forestgreen,0.004116077,0.01027092,,
53,Austrelaps_superbus,1.645835399,2.565842932,1.017314052,2.426391052,-0.920007533,-1.409077,lizards,forestgreen,0.004116077,0.01027092,,
388,Notechis_scutatus,2.228075945,3.415411667,2.142822308,3.132091679,-1.187335722,-0.989269371,other verts,gray50,0.002058038,0.00513546,,
167,Echiopsis_curta,1.380352618,2.622392363,1.24376018,2.372519106,-1.242039745,-1.128758926,other verts,gray50,0.004116077,0.01027092,,
517,Suta_gouldii,1.305810459,2.261777696,0.609016504,2.185584023,-0.955967236,-1.576567519,lizards,forestgreen,0.004116077,0.01027092,,
518,Suta_suta,2.04209799,3.006876509,1.470123937,2.839288299,-0.964778519,-1.369164362,lizards,forestgreen,0.004116077,0.01027092,,
126,Cryptophis_pallidiceps,1.587416555,2.482188967,0.945278339,2.355607458,-0.894772412,-1.410329119,lizards,forestgreen,0.004116077,0.01027092,,
141,Denisonia_maculata,1.582161358,2.687623418,1.219843487,2.423117198,-1.10546206,-1.203273711,other verts,gray50,0.004116077,0.01027092,,
457,Pseudechis_porphyriacus,1.957350162,3.015660997,1.500079033,2.865131335,-1.058310835,-1.365052302,other verts,gray50,0.004116077,0.01027092,,
1,Acanthophis_antarcticus,2.178876369,3.57361612,2.653962251,3.256721292,-1.394739751,-0.60275904,other verts,gray50,0.004116077,0.01027092,,
466,Pseudonaja_nuchalis,1.821091665,2.922675577,1.625459559,2.747633417,-1.101583912,-1.122173858,other verts,gray50,0.004116077,0.01027092,,
72,Brachyurophis_semifasciatus,0.462370568,1.632173027,-0.009988443,1.550526902,-1.169802459,-1.560515345,other verts,gray50,0.004116077,0.01027092,,
373,Narophis_bimaculatus,0.84619095,1.807355965,0.145877343,1.80849511,-0.961165015,-1.662617767,lizards,forestgreen,0.004116077,0.01027092,,
587,Vermicella_annulata,1.170021015,2.023648093,0.134373936,1.962953086,-0.853627078,-1.82857915,snakes,mediumpurple2,0.004116077,0.01027092,,
503,Simoselaps_bertholdi,0.936444918,2.048120837,0.470470255,1.941979049,-1.111675919,-1.471508794,lizards,forestgreen,0.002058038,0.00513546,,
134,Demansia_calodera,1.631846773,2.707497068,1.337835647,2.59714046,-1.075650295,-1.259304813,lizards,forestgreen,0.004116077,0.01027092,,
37,Aspidomorphus_muelleri,1.94630028,2.956743721,1.47608976,2.656084766,-1.010443441,-1.179995006,lizards,forestgreen,0.002058038,0.00513546,,
201,Furina_diadema,1.212964049,2.172736044,0.589309031,2.029939541,-0.959771995,-1.44063051,lizards,forestgreen,0.004116077,0.01027092,,
75,Cacophis_krefftii,1.127605289,2.003724571,0.426128256,1.88439144,-0.876119282,-1.458263184,lizards,forestgreen,0.004116077,0.01027092,,
567,Toxicocalamus_loriae,1.527011385,2.331614798,0.622548273,2.188339193,-0.804603413,-1.56579092,worms,lightpink2,0.004116077,0.01027092,,
354,Micropechis_ikaheca,2.760600691,3.655245622,2.32939682,3.524813073,-0.89464493,-1.195416253,lizards,forestgreen,0.004116077,0.01027092,,
298,Laticauda_colubrina,1.972057287,3.082369469,1.633770718,2.81152097,-1.110312182,-1.177750252,eels,royalblue2,0.001372026,0.00342364,,
74,Bungarus_fasciatus,2.328370519,3.209616309,1.782540443,2.965905373,-0.881245791,-1.18336493,snakes,mediumpurple2,0.001372026,0.00342364,,
175,Elapsoidea_semiannulata,1.288035735,2.254426072,0.717839779,2.122845856,-0.966390337,-1.405006078,other verts,gray50,0.004116077,0.01027092,,
370,Naja_naja,1.8250076,3.044635904,1.768865694,2.788647547,-1.219628304,-1.019781854,other verts,gray50,0.004116077,0.01027092,,
369,Naja_atra,2.028111449,3.225169655,1.974924482,2.925955693,-1.197058206,-0.951031211,other verts,gray50,0.004116077,0.01027092,,
371,Naja_nigricollis,2.590194606,3.697078332,2.49676965,3.277809053,-1.106883726,-0.781039403,other verts,gray50,0.004116077,0.01027092,,
372,Naja_nubiae,1.779184399,2.843163056,1.465567519,2.557768686,-1.063978656,-1.092201167,other verts,gray50,0.004116077,0.01027092,,
223,Hemachatus_haemachatus,2.681002115,3.796723323,2.418399367,3.643209727,-1.115721208,-1.22481036,other verts,gray50,0.004116077,0.01027092,,
36,Aspidelaps_lubricus,1.658971406,2.644068172,1.257388772,2.400359773,-0.985096766,-1.142971001,other verts,gray50,0.002058038,0.00513546,,
591,Walterinnesia_aegyptia,1.828063286,2.67573643,1.214740973,2.48778627,-0.847673144,-1.273045297,other verts,gray50,0.004116077,0.01027092,,
138,Dendroaspis_jamesoni,2.111045377,3.590045986,2.378392093,3.343556236,-1.479000609,-0.965164142,other verts,gray50,0.004116077,0.01027092,,
137,Dendroaspis_angusticeps,2.070761399,3.57292125,2.322393784,3.353627272,-1.502159852,-1.031233488,other verts,gray50,0.004116077,0.01027092,,
225,Hemibungarus_calligaster,1.45774414,2.175642809,0.302611751,2.118489541,-0.717898669,-1.81587779,snakes,mediumpurple2,0.004116077,0.01027092,,
403,Ophiophagus_hannah,1.856160409,2.855934203,1.346889033,2.715047931,-0.999773794,-1.368158899,snakes,mediumpurple2,0.004116077,0.01027092,,
357,Micrurus_frontalis,1.512781266,2.364862841,0.477498969,2.240137482,-0.852081574,-1.762638513,snakes,mediumpurple2,0.004116077,0.01027092,,
363,Micrurus_spixii,2.351094788,3.328729188,1.679187256,3.165014654,-0.9776344,-1.485827398,snakes,mediumpurple2,0.004116077,0.01027092,,
362,Micrurus_obscurus,1.783792479,2.565820785,0.857824565,2.448062136,-0.782028306,-1.590237572,snakes,mediumpurple2,0.002058038,0.00513546,,
359,Micrurus_mipartitus,2.231831399,2.987751363,0.966930469,2.888418573,-0.755919965,-1.921488104,snakes,mediumpurple2,0.004116077,0.01027092,,
360,Micrurus_narduccii,1.376302183,2.098286493,0.179463709,2.001801254,-0.72198431,-1.822337545,snakes,mediumpurple2,0.004116077,0.01027092,,
361,Micrurus_nigrocinctus,1.79950051,2.60185468,0.837031666,2.516736138,-0.80235417,-1.679704471,snakes,mediumpurple2,0.001372026,0.00342364,,
364,Micrurus_tener,2.222875427,3.005830244,1.291777452,2.878516447,-0.782954817,-1.586738995,snakes,mediumpurple2,0.004116077,0.01027092,,
358,Micrurus_fulvius,1.761441153,2.55639521,0.817199006,2.409304432,-0.794954057,-1.592105426,snakes,mediumpurple2,0.002058038,0.00513546,,
356,Micruroides_euryxanthus,1.14000302,1.926973446,0.033133903,1.901491732,-0.786970426,-1.86835783,snakes,mediumpurple2,0.002058038,0.00513546,,
73,Buhoma_vauerocegae,1.120698121,2.433372276,0.825639853,2.243846966,-1.312674155,-1.418207113,other verts,gray50,0.004116077,0.01027092,,
352,Micrelaps_muelleri,1.425852722,2.211551695,0.221154704,2.138287142,-0.785698973,-1.917132439,snakes,mediumpurple2,0.002058038,0.00513546,,
451,Psammophis_rukwae,1.781366317,3.023175984,1.605134125,2.750292788,-1.241809667,-1.145158663,other verts,gray50,0.004116077,0.01027092,,
452,Psammophis_sibilans,1.8201451,3.026890368,1.762391701,2.794316655,-1.206745268,-1.031924954,other verts,gray50,0.004116077,0.01027092,,
454,Psammophylax_variabilis,1.769320268,2.885544938,1.62903366,2.667218806,-1.11622467,-1.038185146,other verts,gray50,0.004116077,0.01027092,,
453,Psammophylax_rhombeatus,1.088178594,2.401771695,0.964627723,2.302027971,-1.313593101,-1.337400248,other verts,gray50,0.004116077,0.01027092,,
284,Kladirostratus_acutus,1.54636241,2.762501651,1.575425667,2.660711106,-1.216139241,-1.085285439,other verts,gray50,0.004116077,0.01027092,,
226,Hemirhagerrhis_kelleri,0.939272286,2.209465046,0.737035425,2.028130551,-1.27019276,-1.291095126,lizards,forestgreen,0.004116077,0.01027092,,
365,Mimophis_mahfalensis,1.60365187,2.798604241,1.38939935,2.637501206,-1.19495237,-1.248101856,lizards,forestgreen,0.004116077,0.01027092,,
486,Rhamphiophis_rostratus,1.64304305,2.85806115,1.638524915,2.766616093,-1.2150181,-1.128091178,other verts,gray50,0.004116077,0.01027092,,
342,Malpolon_monspessulanus,2.19720776,3.471886732,2.395488304,3.155982076,-1.274678972,-0.760493772,lizards,forestgreen,0.004116077,0.01027092,,
450,Psammodynastes_pulverulentus,1.472985438,2.628423926,1.27284099,2.362678968,-1.155438488,-1.089837978,lizards,forestgreen,0.002058038,0.00513546,,
592,Xenocalamus_bicolor,0.966387878,1.993104368,0.190739397,2.116668233,-1.02671649,-1.925928836,snakes,mediumpurple2,0.004116077,0.01027092,,
23,Amblyodipsas_dimidiata,0.80838069,1.973887818,0.017966275,2.023929253,-1.165507127,-2.005962977,snakes,mediumpurple2,0.004116077,0.01027092,,
24,Amblyodipsas_polylepis,1.654036902,2.528198101,0.811231266,2.409549308,-0.874161198,-1.598318042,snakes,mediumpurple2,0.004116077,0.01027092,,
337,Macrelaps_microlepidotus,1.753421124,2.866822558,1.479328004,2.728733057,-1.113401434,-1.249405053,other verts,gray50,0.004116077,0.01027092,,
441,Polemon_christyi,2.079088911,2.883848686,1.146073098,2.760934803,-0.804759775,-1.614861705,snakes,mediumpurple2,0.004116077,0.01027092,,
88,Chilorhinophis_gerardi,0.915756131,1.706804994,-0.156047838,1.663736804,-0.791048863,-1.819784642,snakes,mediumpurple2,0.004116077,0.01027092,,
27,Aparallactus_capensis,0.658813527,1.853409993,0.135638389,1.826053917,-1.194596465,-1.690415528,bugs,goldenrod2,0.002058038,0.00513546,,
30,Aparallactus_werneri,0.822398118,2.09040666,0.405377107,2.076029721,-1.268008543,-1.670652614,bugs,goldenrod2,0.004116077,0.01027092,,
29,Aparallactus_niger,1.2608411,2.238297877,0.532061469,2.203839268,-0.977456777,-1.671777799,worms,lightpink2,0.004116077,0.01027092,,
28,Aparallactus_modestus,1.456265228,2.420347081,0.825155851,2.287893445,-0.964081852,-1.462737594,worms,lightpink2,0.004116077,0.01027092,,
44,Atractaspis_irregularis,1.580553909,2.713270808,1.699052471,2.409642104,-1.1327169,-0.710589633,other verts,gray50,0.002058038,0.00513546,,
41,Atractaspis_aterrima,1.257697945,2.460993068,1.403356922,2.264233455,-1.203295123,-0.860876533,other verts,gray50,0.004116077,0.01027092,,
42,Atractaspis_bibronii,1.445525631,2.545912642,1.527938637,2.234271048,-1.100387011,-0.706332411,other verts,gray50,0.001372026,0.00342364,,
43,Atractaspis_boulengeri,1.222727513,2.399213136,1.197096116,2.163305601,-1.176485623,-0.966209485,other verts,gray50,0.002058038,0.00513546,,
236,Homoroselaps_lacteus,1.310341669,2.06619434,0.158381815,2.049924309,-0.755852671,-1.891542494,snakes,mediumpurple2,0.002058038,0.00513546,,
58,Boaedon_fuliginosus,1.6318869,2.836785977,1.244875928,2.643300577,-1.204899077,-1.398424649,other verts,gray50,0.002058038,0.00513546,,
59,Boaedon_upembae,1.56989342,2.789932262,1.423599839,2.538928971,-1.220038842,-1.115329132,other verts,gray50,0.004116077,0.01027092,,
325,Lycodonomorphus_rufulus,1.554675816,2.834384617,1.388508258,2.614425253,-1.279708801,-1.225916995,other verts,gray50,0.004116077,0.01027092,,
296,Lamprophis_aurora,1.964296659,3.026345956,1.651601781,2.791494268,-1.062049297,-1.139892486,other verts,gray50,0.004116077,0.01027092,,
67,Bothrophthalmus_lineatus,1.960247625,3.169161546,1.681437542,2.874819153,-1.208913921,-1.193381611,other verts,gray50,0.004116077,0.01027092,,
462,Pseudoboodon_gascae,1.523111752,2.580947729,1.074304795,2.408701622,-1.057835977,-1.334396827,other verts,gray50,0.004116077,0.01027092,,
314,Limaformosa_capensis,2.264485813,3.299154014,2.003200797,3.042613581,-1.034668202,-1.039412784,lizards,forestgreen,0.004116077,0.01027092,,
212,Gonionotophis_brussauxi,1.07616973,2.219362604,0.746743647,2.073602011,-1.143192874,-1.326858364,lizards,forestgreen,0.004116077,0.01027092,,
237,Hormonotus_modestus,1.451858525,2.704694338,1.16095497,2.499833419,-1.252835813,-1.33887845,lizards,forestgreen,0.004116077,0.01027092,,
330,Lycophidion_capense,1.586582896,2.655855849,1.195452093,2.446960212,-1.069272953,-1.251508119,lizards,forestgreen,0.004116077,0.01027092,,
446,Prosymna_sundevalli,0.779741642,2.0085116,0.901585215,1.83715467,-1.228769958,-0.935569455,other verts,gray50,0.004116077,0.01027092,,
444,Prosymna_bivittata,0.510433186,1.728096098,0.615044204,1.566631865,-1.217662911,-0.951587661,other verts,gray50,0.004116077,0.01027092,,
447,Prosymna_visseri,0.452252804,1.871102939,0.291960204,1.960140438,-1.418850136,-1.668180234,other verts,gray50,0.004116077,0.01027092,,
443,Prosymna_ambigua,0.39349021,1.710966821,0.248625494,1.587643101,-1.31747661,-1.339017607,other verts,gray50,0.004116077,0.01027092,,
445,Prosymna_ruspolii,0.773098999,2.0834357,0.691209141,1.929704668,-1.310336701,-1.238495527,other verts,gray50,0.004116077,0.01027092,,
320,Liopholidophis_grandidieri,1.426653072,2.714969277,1.328196464,2.462695913,-1.288316205,-1.134499449,other verts,gray50,0.004116077,0.01027092,,
470,Pseudoxyrhopus_microps,1.519098823,2.774735374,1.462289152,2.571508662,-1.255636551,-1.10921951,other verts,gray50,0.004116077,0.01027092,,
231,Heteroliodon_occipitalis,0.985955806,2.032643462,0.373486075,1.919036251,-1.046687657,-1.545550177,lizards,forestgreen,0.004116077,0.01027092,,
319,Liophidium_torquatum,1.844767431,3.229021631,2.017460324,2.910594833,-1.3842542,-0.893134509,lizards,forestgreen,0.004116077,0.01027092,,
318,Liophidium_rhodogaster,1.230948083,2.583386761,1.278416334,2.325606682,-1.352438678,-1.047190348,lizards,forestgreen,0.004116077,0.01027092,,
560,Thamnosophis_stumpffi,1.595784631,2.791372,1.41188203,2.51666359,-1.195587369,-1.10478156,other verts,gray50,0.004116077,0.01027092,,
158,Dromicodryas_quadrilineatus,2.007007648,3.214742969,2.058127636,2.964255327,-1.207735322,-0.906127691,other verts,gray50,0.004116077,0.01027092,,
157,Dromicodryas_bernieri,1.907205601,3.15933625,1.973422672,2.884798693,-1.252130649,-0.911376021,lizards,forestgreen,0.004116077,0.01027092,,
99,Compsophis_albiventris,1.635213372,2.773530494,1.468052028,2.478142523,-1.138317123,-1.010090495,other verts,gray50,0.004116077,0.01027092,,
20,Alluaudina_bellyi,1.241218451,2.494171738,1.109170892,2.316674445,-1.252953287,-1.207503553,other verts,gray50,0.004116077,0.01027092,,
328,Lycodryas_pseudogranuliceps,1.500109742,2.588262519,1.039013283,2.419614554,-1.088152778,-1.380601271,lizards,forestgreen,0.004116077,0.01027092,,
326,Lycodryas_granuliceps,1.547928425,2.583531074,1.172411372,2.385053368,-1.035602649,-1.212641997,lizards,forestgreen,0.004116077,0.01027092,,
327,Lycodryas_inornatus,1.219594214,2.443074416,0.882940286,2.294297831,-1.223480202,-1.411357545,other verts,gray50,0.004116077,0.01027092,,
433,Phisalixella_arctifasciata,1.431081784,2.707527037,1.296513573,2.514666442,-1.276445253,-1.218152869,lizards,forestgreen,0.004116077,0.01027092,,
339,Madagascarophis_colubrinus,2.174420563,3.299906171,2.07855753,3.028334055,-1.125485608,-0.949776525,other verts,gray50,0.004116077,0.01027092,,
283,Ithycyphus_oursi,1.878619642,3.102137484,1.768482945,2.864219325,-1.223517843,-1.09573638,lizards,forestgreen,0.004116077,0.01027092,,
355,Micropisthodon_ochraceus,1.906710563,3.260629273,2.248016552,2.880459149,-1.35391871,-0.632442597,mollusks,saddlebrown,0.004116077,0.01027092,,
297,Langaha_madagascariensis,1.620868836,2.860879142,1.403815788,2.68800904,-1.240010306,-1.284193252,lizards,forestgreen,0.002058038,0.00513546,,
301,Leioheterodon_modestus,1.660209703,2.735449553,1.71556956,2.410304544,-1.07523985,-0.694734985,other verts,gray50,0.004116077,0.01027092,,
300,Leioheterodon_madagascariensis,2.29577374,3.456160734,2.393926139,3.190849465,-1.160386994,-0.796923326,other verts,gray50,0.004116077,0.01027092,,
299,Leioheterodon_geayi,1.869159358,3.089668773,2.121399437,2.857757716,-1.220509415,-0.736358278,lizards,forestgreen,0.004116077,0.01027092,,
165,Duberria_lutrix,0.898913229,2.276844584,1.024450055,2.097664218,-1.377931355,-1.073214162,mollusks,saddlebrown,0.004116077,0.01027092,,
26,Amplorhinus_multimaculatus,1.414608711,2.606276479,1.206683579,2.396019849,-1.191667768,-1.189336269,other verts,gray50,0.004116077,0.01027092,,
456,Pseudaspis_cana,1.927789415,3.022751755,1.929195737,2.845822853,-1.094962341,-0.916627116,other verts,gray50,0.001029019,0.00256773,,
476,Pythonodipsas_carinata,1.961979991,2.946815881,1.675768431,2.645493253,-0.98483589,-0.969724822,other verts,gray50,0.004116077,0.01027092,,
410,Oxyrhabdium_leporinum,1.89507708,2.85205167,1.490793367,2.782558169,-0.95697459,-1.291764802,worms,lightpink2,0.004116077,0.01027092,,
368,Myersophis_alpestris,1.845748972,2.869925132,1.364275804,2.747126845,-1.02417616,-1.382851042,worms,lightpink2,0.004116077,0.01027092,,
129,Cyclocorus_lineatus,2.044109321,2.94997665,1.749244937,2.622566215,-0.905867329,-0.873321278,lizards,forestgreen,0.004116077,0.01027092,,
234,Hologerrhum_philippinum,1.097840789,2.385860189,0.943617616,2.176476742,-1.288019401,-1.232859126,lizards,forestgreen,0.004116077,0.01027092,,
235,Homalopsis_buccata,2.273702088,3.317932879,2.197532921,2.909659576,-1.044230791,-0.712126655,fish,turquoise2,0.001372026,0.00342364,,
86,Cerberus_rynchops,2.152281189,3.220636744,2.072633224,2.862478948,-1.068355556,-0.789845724,fish,turquoise2,0.004116077,0.01027092,,
181,Erpeton_tentaculatum,1.569332426,3.034737922,1.916204851,2.72515913,-1.465405496,-0.808954278,fish,turquoise2,0.004116077,0.01027092,,
208,Gerarda_prevostiana,1.091650716,2.502893889,1.038672687,2.313425089,-1.411243173,-1.274752402,crusts,tomato2,0.004116077,0.01027092,,
199,Fordonia_leucobalia,1.024367619,2.144903858,0.951981648,2.008116767,-1.120536239,-1.056135119,crusts,tomato2,0.004116077,0.01027092,,
78,Cantoria_violacea,1.443249655,2.648444641,1.276163904,2.501135388,-1.205194986,-1.224971484,crusts,tomato2,0.004116077,0.01027092,,
56,Bitia_hydroides,2.375975818,3.458228288,2.236591617,3.184926681,-1.082252469,-0.948335064,fish,turquoise2,0.002058038,0.00513546,,
176,Enhydris_enhydris,1.634557024,2.87248093,1.722897253,2.453600044,-1.237923906,-0.730702791,fish,turquoise2,0.004116077,0.01027092,,
177,Enhydris_plumbea,1.740751918,2.827264911,1.606201527,2.536091245,-1.086512993,-0.929889718,other verts,gray50,0.002058038,0.00513546,,
71,Brachyorrhos_albus,1.210273799,2.21767276,0.674494339,2.03719184,-1.007398961,-1.362697502,worms,lightpink2,0.004116077,0.01027092,,
69,Bothrops_atrox,2.782589866,4.017889969,3.098089005,3.585544336,-1.235300102,-0.487455331,other verts,gray50,0.004116077,0.01027092,,
70,Bothrops_bilineatus,1.968503168,3.125280875,2.182788567,2.733215643,-1.156777707,-0.550427076,other verts,gray50,0.004116077,0.01027092,,
68,Bothrops_ammodytoides,2.107183394,3.25003531,2.23009885,2.839382862,-1.142851917,-0.609284012,other verts,gray50,0.004116077,0.01027092,,
65,Bothrocophias_hyoprora,2.079985042,3.03218972,1.972870458,2.659290753,-0.952204677,-0.686420295,other verts,gray50,0.004116077,0.01027092,,
66,Bothrocophias_microphthalmus,1.890692407,2.933771535,1.824387994,2.601873317,-1.043079128,-0.777485323,other verts,gray50,0.004116077,0.01027092,,
442,Porthidium_nasutum,1.586163208,2.835159207,1.739500468,2.466687035,-1.248995998,-0.727186566,other verts,gray50,0.004116077,0.01027092,,
87,Cerrophidion_godmani,2.126377563,3.175508451,2.082262562,2.861527787,-1.049130888,-0.779265225,other verts,gray50,0.004116077,0.01027092,,
351,Metlapilcoatlus_mexicanus,2.330265638,3.340602774,2.26079225,2.976826699,-1.010337136,-0.716034449,other verts,gray50,0.004116077,0.01027092,,
64,Bothriechis_nigroviridis,2.084811598,3.034481887,1.917798601,2.663150601,-0.949670289,-0.745352001,other verts,gray50,0.004116077,0.01027092,,
285,Lachesis_muta,3.057429736,4.133597401,3.099660278,3.786281682,-1.076167664,-0.686621404,other verts,gray50,0.004116077,0.01027092,,
286,Lachesis_stenophrys,3.009384307,4.067370895,3.009892896,3.706619587,-1.057986588,-0.696726692,other verts,gray50,0.004116077,0.01027092,,
114,Crotalus_durissus,2.527484441,3.715234023,2.727197103,3.234761491,-1.187749583,-0.507564387,other verts,gray50,0.004116077,0.01027092,,
118,Crotalus_molossus,2.164595389,3.349380555,2.348726618,2.871485337,-1.184785166,-0.522758719,other verts,gray50,0.004116077,0.01027092,,
116,Crotalus_horridus,2.446723857,3.736069736,2.723974161,3.277086673,-1.289345879,-0.553112513,other verts,gray50,0.002058038,0.00513546,,
123,Crotalus_viridis,2.192726559,3.389099486,2.39244502,2.765304931,-1.196372927,-0.372859911,other verts,gray50,0.004116077,0.01027092,,
111,Crotalus_adamanteus,2.338498677,3.618881263,2.670429437,3.13006005,-1.280382586,-0.459630612,other verts,gray50,0.004116077,0.01027092,,
112,Crotalus_atrox,2.37529997,3.525176146,2.528527853,2.973866304,-1.149876175,-0.445338451,other verts,gray50,0.004116077,0.01027092,,
113,Crotalus_catalinensis,2.007592058,3.228386692,2.132538307,2.84814042,-1.220794635,-0.715602112,other verts,gray50,0.004116077,0.01027092,,
121,Crotalus_transversus,1.688416043,2.801645242,1.607780747,2.507653137,-1.1132292,-0.89987239,other verts,gray50,0.004116077,0.01027092,,
117,Crotalus_intermedius,1.628462049,2.621393983,1.397434914,2.378100761,-0.992931933,-0.980665847,lizards,forestgreen,0.004116077,0.01027092,,
119,Crotalus_pricei,2.038747288,3.063291146,1.936218318,2.740600355,-1.024543858,-0.804382037,other verts,gray50,0.004116077,0.01027092,,
122,Crotalus_triseriatus,1.704411897,2.881660724,1.844580348,2.601479141,-1.177248827,-0.756898793,other verts,gray50,0.004116077,0.01027092,,
120,Crotalus_ravus,2.140084821,3.32980678,2.322881957,2.978621251,-1.18972196,-0.655739294,other verts,gray50,0.004116077,0.01027092,,
115,Crotalus_enyo,2.078742681,3.261619718,2.222271227,2.778531945,-1.182877038,-0.556260718,other verts,gray50,0.004116077,0.01027092,,
507,Sistrurus_miliarius,1.88082503,3.081119326,1.987612926,2.737547523,-1.200294296,-0.749934597,other verts,gray50,0.004116077,0.01027092,,
5,Agkistrodon_contortrix,2.190360998,3.243930209,2.212729769,2.897417045,-1.053569211,-0.684687277,other verts,gray50,0.001372026,0.00342364,,
366,Mixcoatlus_browni,1.654232466,2.735499476,1.496703128,2.482004272,-1.08126701,-0.985301144,other verts,gray50,0.004116077,0.01027092,,
210,Gloydius_ussuriensis,1.868684265,3.050929876,1.87037834,2.702876233,-1.182245612,-0.832497894,other verts,gray50,0.004116077,0.01027092,,
209,Gloydius_brevicauda,2.034155809,3.11183913,1.826925687,2.753340528,-1.077683321,-0.926414842,other verts,gray50,0.004116077,0.01027092,,
448,Protobothrops_flavoviridis,2.814023802,3.944945032,2.898400868,3.489846139,-1.13092123,-0.591445271,other verts,gray50,0.004116077,0.01027092,,
449,Protobothrops_sieversorum,2.449360576,3.488887233,2.391763744,3.074168591,-1.039526657,-0.682404848,other verts,gray50,0.004116077,0.01027092,,
406,Ovophis_monticola,2.306709564,3.153622904,2.101014487,2.77347591,-0.84691334,-0.672461423,other verts,gray50,0.002058038,0.00513546,,
572,Trimeresurus_albolabris,2.060693583,3.064974455,1.987934972,2.684601506,-1.004280872,-0.696666534,other verts,gray50,0.004116077,0.01027092,,
573,Trimeresurus_macrops,1.921515342,2.904330189,1.870112881,2.568413564,-0.982814847,-0.698300684,other verts,gray50,0.004116077,0.01027092,,
269,Hypnale_hypnale,1.629473983,2.791255769,1.629988068,2.456690505,-1.161781786,-0.826702437,other verts,gray50,0.004116077,0.01027092,,
77,Calloselasma_rhodostoma,2.032662966,3.060308016,1.985522057,2.686550623,-1.02764505,-0.701028566,other verts,gray50,0.002058038,0.00513546,,
583,Tropidolaemus_wagleri,2.030444241,2.895538326,2.051328868,2.463571353,-0.865094085,-0.412242485,other verts,gray50,0.004116077,0.01027092,,
133,Deinagkistrodon_acutus,2.561697757,3.679930836,2.714130414,3.168913998,-1.118233079,-0.454783584,other verts,gray50,0.004116077,0.01027092,,
54,Azemiops_feae,1.645894838,2.794064442,1.441733242,2.572242051,-1.148169604,-1.13050881,other verts,gray50,0.004116077,0.01027092,,
588,Vipera_aspis,1.882788841,3.041782903,1.971293637,2.731365491,-1.158994062,-0.760071854,other verts,gray50,0.004116077,0.01027092,,
130,Daboia_russelii,2.266843291,3.495316383,2.461871129,3.088464414,-1.228473092,-0.626593285,other verts,gray50,0.004116077,0.01027092,,
180,Eristicophis_macmahoni,2.295317668,3.340328727,2.402219658,2.93739882,-1.045011058,-0.535179162,other verts,gray50,0.004116077,0.01027092,,
168,Echis_carinatus,1.77828603,3.018118892,1.990383459,2.601949942,-1.239832862,-0.611566482,other verts,gray50,0.004116077,0.01027092,,
84,Cerastes_cerastes,1.641033307,2.755444105,1.799917092,2.35612124,-1.114410798,-0.556204147,other verts,gray50,0.004116077,0.01027092,,
85,Cerastes_vipera,1.598231873,2.730841985,1.805833351,2.309200943,-1.132610112,-0.503367592,lizards,forestgreen,0.004116077,0.01027092,,
57,Bitis_arietans,2.482161482,3.687715062,2.883729291,3.137210497,-1.20555358,-0.253481206,other verts,gray50,0.002058038,0.00513546,,
40,Atheris_chlorechis,1.881782426,2.948560141,2.042386578,2.537843102,-1.066777715,-0.495456524,other verts,gray50,0.004116077,0.01027092,,
39,Atheris_ceratophora,1.656354555,2.763208,1.936393209,2.257858018,-1.106853445,-0.321464809,other verts,gray50,0.004116077,0.01027092,,
82,Causus_rhombeatus,2.205250714,3.166409558,2.349750228,2.691336776,-0.961158844,-0.341586548,other verts,gray50,0.004116077,0.01027092,,
421,Pareas_formosensis,0.919130969,2.402942376,1.345310033,2.275198978,-1.483811406,-0.929888945,mollusks,saddlebrown,0.004116077,0.01027092,,
422,Pareas_hamptoni,0.931807743,2.410947831,1.342735755,2.263164814,-1.479140088,-0.92042906,mollusks,saddlebrown,0.004116077,0.01027092,,
31,Aplopeltura_boa,0.697507028,2.332111016,1.436784482,2.319188426,-1.634603989,-0.882403945,mollusks,saddlebrown,0.004116077,0.01027092,,
2,Achalinus_spinalis,1.612622561,2.480750073,0.911245699,2.365409206,-0.868127512,-1.454163507,worms,lightpink2,0.004116077,0.01027092,,
198,Fimbrios_klossi,1.332814646,2.323118692,1.019243277,2.231396656,-0.990304045,-1.212153379,other verts,gray50,0.004116077,0.01027092,,
593,Xenodermus_javanicus,1.526162245,2.385586894,1.074438972,2.244940261,-0.859424649,-1.17050129,other verts,gray50,0.004116077,0.01027092,,
